1.286040326375234
1.2436806312740334
1.1972634206395427
1.1552587221829484
1.118704724334275
1.0880840336893598
1.0514049408486825
0.9907208914395866
0.9174455370811025
0.8275101097147589
0.7989209704415768
0.7873187664197624
0.7730112083219718
0.7609739782378541
0.7505933140255345
0.738699778478387
0.7273687255700505
0.727754180002237
0.7167506906497211
0.7168463933364936
0.7064844380934948
0.7003054935086288
0.6970477579651726
0.6932221723228
0.6896758301892678
0.6864038218290673
0.6837006520927496
0.679251887718811
0.6752341912365898
0.6743523330526013
0.6728260532998926
0.666485083434726
0.660756318506699
0.6583326285038268
0.6557285509977983
0.6474153210192216
0.6424820508879566
0.6406689248366909
0.6395008739658566
0.6357119486144881
0.629807711568635
0.6282700847461837
0.6286112887586626
0.6267522604797812
0.6250802838899023
0.6267939570446348
0.6185658648196445
0.6184759490385555
0.615286743388183
0.6077367350937322
0.6059351084102982
0.6031211466922242
0.6023401080531132
0.5912464571303382
0.5951918766873695
0.5889222027495915
0.5883273542286231
0.5913993117869208
0.5927811992603067
0.5838416876766267
0.5844003760067287
0.5762087568586569
0.5831787319781185
0.5837402746003221
0.575542071496523
0.5752022112004966
0.5778079353636207
0.5766176104502596
0.5720386039438616
0.5691034682735499
0.5689825790924632
0.5668809085651041
0.5697716531955919
0.5675681981115454
0.5626875170618936
0.55962305208016
0.5592083858881505
0.5615180732805215
0.5539190559678204
0.5590823479451025
0.5571658850036266
0.5555991051805934
0.5501062923445864
0.5508081313680835
0.5486616111180641
0.5462003004797459
0.5457624790575032
0.5410423963087013
0.5425129526463671
0.5464609398943829
0.5396297022108123
0.5370879014258868
0.544781253171879
0.5383685017379819
0.5396995731399595
0.5358468460433237
0.5351353312456423
0.5346571726492497
0.5338224687579063
0.5286850418046453
0.5343175060882743
0.5299871452809315
0.5311223818545522
0.5305869971514163
0.533048153391372
0.5270590639877506
0.5301551678741304
0.5253520902017641
0.5273310192697458
0.5188031979177778
0.5261320261399609
0.5273274939048985
0.522394691840819
0.5231573796072537
0.5199638903972991
0.5185259128133337
0.5198821619910882
0.5108330760763372
0.5118288330788993
0.5110909261467288
0.5069279764714266
0.5098704394103475
0.5103987289430164
0.5177589623432993
0.5037523773593354
0.5082800485902139
0.508041268599488
0.5039779138341031
0.5024944628433937
0.5053709319105079
0.5001005674092367
0.501088375139788
0.5027624400664499
0.5030077891571604
0.5030154365404388
0.5023740757655379
0.503874787499563
0.505435829377847
0.49967363822620653
0.4998115951777212
0.5049639239093906
0.498301712417171
0.500471771326347
0.4987832723481312
0.5000781699143769
0.4991270950147771
0.49685561872471884
0.4994559225831357
0.49859453885571703
0.4963415138419229
0.5029695744584818
0.49287552146356256
0.5009601010091648
0.49919878689782143
0.4967118646092631
0.4907352876933111
0.49379485036907456
0.5016544313515077
0.5012574738496876
0.4863176294171824
0.494222429934682
0.488736953617403
0.49488483921598864
0.4881176311719925
0.48931987004507904
0.48393534591814785
0.4874861626002485
0.48973196735496377
0.49112040262350604
0.4865852384384204
0.4885061915276362
0.48762572838078666
0.4885998015102627
0.4813300453495575
0.48557499558210476
0.48474663941284146
0.4809820125406685
0.4812780160148278
0.47934640768852677
0.48105513341153927
0.4764870784858484
0.4800534728458022
0.47436671323961976
0.4770470056796982
0.4728272107300181
0.47867670582570104
0.4735193742601854
0.4804734348654025
0.4721658015337808
0.47896945830445214
0.4745401160682692
0.4745461830039365
0.4701795758685111
0.47174302471894725
0.4752207089763695
0.47024003051044844
0.4672660807182635
0.46706584762928116
0.4712091918872898
0.4679908302232369
0.4665174225173326
0.47204036402012506
0.47249689754270724
0.4750171589749829
0.4650643752962259
0.46862747677239064
0.471863062263292
0.4682056388176092
0.4689992136523947
0.4671785013439559
0.4658257598635075
0.4632521656608557
0.46351713114994064
0.4673743945433126
0.4662657464003024
0.45992094034832515
0.46119465846331925
0.45876578222054654
0.45513813921837737
0.46096073118518865
0.4620736386698063
0.464372614937706
0.4616933839951239
0.4608966079900262
0.46774668572468003
0.45605394394315896
0.4563046682181834
0.4629842344534793
0.45938260319769697
0.4613301969040317
0.4538003003575242
0.45639591505648613
0.45376206339972147
0.4595273204515857
0.4538260388934796
0.45249076993575343
0.44947712053499206
0.45556174087945583
0.44954633542768296
0.453406897928845
0.45686442577851855
0.45122619587277096
0.45293152807401954
0.45241344753947876
0.4560335604537614
0.45239896258642653
0.44489223919054816
0.45780744716692745
0.45125077137276887
0.45158844410812565
0.45279363433818004
0.45271161897993456
0.44735770117740925
0.45367146199366354
0.44837130439990913
0.44997526865746384
0.4493280403132026
0.4518952190975796
0.44552727832783035
0.44705338523604754
0.4401808179037695
0.4481358803187152
0.4485096254994665
0.44738054494520796
0.44543745683660013
0.44479025974188163
0.44218093523356555
0.44123862649756795
0.44265815536835346
0.4414641133411221
0.4429298572315803
0.44086876752099435
0.443801872943302
0.43685500352646156
0.43661940361768115
0.44033966967469895
0.4376329970120571
0.44050194917079805
0.4374949295257121
0.44155926091784625
0.442935830816707
0.43902129360739384
0.44095904974516553
0.4449980883648558
0.4385541225051365
0.4382593920705224
0.4404074660205298
0.44434900737253397
0.44066303585400474
0.4429740471386018
0.43753335953149014
0.4364537585580247
0.4298724637499462
0.4389640451589249
0.4343497128908382
0.4349063611184615
0.436344345867075
0.4315171598967481
0.43698188542282757
0.4365336460774333
0.4338104741921394
0.43874778621589205
0.43538334138108425
0.4384239624413475
0.43401274709747323
0.43907893990939106
0.4390196051426091
0.43658313221619494
0.43389090564497407
0.44009625332333036
0.43865083555147993
0.44252195350068013
0.43716127064196725
0.4368295197110395
0.43285427701334545
0.43390803772223163
0.43448148556234956
0.43773214596239923
0.4325492775304487
0.4375742328477847
0.4348956991045674
0.4386973014515409
0.43844204322169467
0.43667768652104977
0.4348973886999396
0.43116822063069354
0.43618774413191347
0.4308999536319368
0.4323938973764731
0.43392897183837675
0.4342409402243945
0.4360184192173192
0.43956793627674273
0.4254751529355488
0.43030766121708436
0.4322427216501377
0.43283375539393015
0.4325552591511351
0.4326680121202189
0.4327062469029395
0.4278210072269551
0.43055775906575716
0.4308947636535306
0.43487653533543696
0.42992218903753426
0.4329201824359858
0.4286765425855162
0.43431393926336603
0.42414810504564515
0.430947125034159
0.42986712910651964
0.4303744723318759
0.42611173035174443
0.42990178580303157
0.42645734615856956
0.4353799639540665
0.43077487562884675
0.4271134428313191
0.4274711611841691
0.42717452045608434
0.4264796473971833
0.4285547318008794
0.42937270727042876
0.42747966544209076
0.4310848602265005
0.4313252938919742
0.4220926032688023
0.43017440762666287
0.4288582176318912
0.4269856417899131
0.4302271051105022
0.425917560743617
0.4269931270830701
0.4259008663400259
0.42787028909794983
0.42623542739123416
0.4290345661032288
0.42266110608748136
0.4243089697448999
0.42516709211113507
0.43016803870821585
0.42452880260567205
0.4226324675568636
0.41650945659017
0.4274726184582632
0.4195083819075863
0.42636978115485363
0.4240825655584158
0.42002326600823064
0.42736337053686996
0.4223591145934307
0.4145900179302613
0.4281962257366547
0.41904038415281686
0.42141932441846397
0.4199583507170432
0.4226993933638854
0.42453967836471923
0.4189775751490632
0.41936551198717
0.4206097884896368
0.42203269298657603
0.41661490296984993
0.4239681406848143
0.4165202087547828
0.4227739077633115
0.41613767941258395
0.42838784596440316
0.418784580442116
0.41952733491798067
0.41960685748476134
0.4194889297260873
0.4228476676109558
0.415864059336981
0.4214166521818605
0.42102661726052176
0.41886985792875764
0.4179093627025244
0.41851128503101753
0.41593757882081955
0.4157975800655144
0.41965381940880636
0.421472568419483
0.4150336489910002
0.4227745399224375
0.41408942899454865
0.42097797685133387
0.4208107235270362
0.4226907230869964
0.41817226505524485
0.4162031060462829
0.41646027825956494
0.4207794830878652
0.41842129008133316
0.4172450931419945
0.4199731474768134
0.41443368756021515
0.41721849004738065
0.418495272073961
0.4245817506673643
0.41543826312118315
0.4163644472508922
0.4166530358052324
0.4172661621750064
0.41628526601283505
0.41125853171943927
0.4234605182978249
0.41600205805723023
0.4121022404492348
0.4184750098039885
0.41561411214239263
0.4140353553934807
0.41699033298313964
0.4132890693356324
0.4198825854720056
0.4135784295964241
0.41825991107974864
0.41518330759627725
0.42204675184284896
0.414166316270715
0.42009816804891253
0.40808965286949744
0.4174426224029909
0.4167819268624609
0.41321769734146696
0.4179765547349328
0.4098905111079746
0.4139695731234523
0.41658827470724485
0.415561818442644
0.41414618932021563
0.41047870232380573
0.4165687479690857
0.40991370723588355
0.4153221865618
0.41308203521875353
0.41773623162769563
0.414301348020701
0.41522172946156105
0.4076935846512289
0.41059023348106977
0.4071169261006065
0.40724484901770475
0.4124860545500999
0.4081550935496482
0.4078592029152851
0.4073394606948338
0.41067648323706546
0.41352893286675096
0.41388823130923613
0.40788873024871924
0.40744618972784896
0.4040326019830556
0.4097732334370986
0.41711081274581724
0.41258132434244765
0.4048787395766144
0.40834111403886336
0.4098082421668888
0.40821317581178834
