1.2821378728570885
1.242662073684611
1.1973569556410282
1.155097729815362
1.1207102084532938
1.090792165073171
1.0618194898934723
1.02537106352185
0.972605363441755
0.9254564177175375
0.9114168283157185
0.9062356572584166
0.8981208849395105
0.8823260373950405
0.8763047128539688
0.8607808830719276
0.8595086936690506
0.8545575273783866
0.844512736992322
0.8412044698753988
0.8329722067341977
0.8285526402040797
0.8259652903659969
0.821283258795354
0.8199143401561431
0.8129055281721403
0.8106388256077552
0.8034876503670301
0.7987889467175782
0.7977060115298295
0.7963472408894711
0.7911163640944938
0.7922754799845073
0.7847883137392937
0.786383822237502
0.7755594240692829
0.7816120052147078
0.777974039258275
0.7736180111211969
0.7659065465582697
0.7654701630052944
0.7632071763319929
0.7563623884763182
0.7478702550037639
0.7541930538131754
0.7548442097291969
0.748313214552912
0.743753294083988
0.7405330405752935
0.7431171896079428
0.738406841044191
0.734644466199306
0.7323203634848928
0.732458313827646
0.728146062431924
0.7304600691143179
0.723549163596437
0.7267754345877717
0.7255783613694055
0.7285231071718931
0.7200227450048613
0.7132247816551555
0.7214569327447374
0.7192571556289886
0.7167729482606005
0.7153571733080446
0.7127253637734975
0.7090330699333778
0.7110723044669619
0.7107504513792096
0.7060791960943634
0.7036837295781762
0.704020935900738
0.701416490077671
0.701890983680995
0.6942997174516186
0.698241231659259
0.6929562651688953
0.690597399041194
0.6926666633167776
0.6927403908189992
0.6883180066230739
0.6878166722030442
0.686218841696485
0.6828465189338375
0.6848424676558521
0.6837617791337505
0.676754459296379
0.6776382685450683
0.6836524923069196
0.6844092473311605
0.6759147923692337
0.6746805064189794
0.6777509929040316
0.6805388774474413
0.6799645653372633
0.6741867529846011
0.671453677436348
0.6674389732082188
0.66270903607225
0.6725184268664323
0.6666667581724077
0.6694721154172749
0.6543698221916804
0.6605404791664996
0.6630110411772654
0.6675094515910263
0.6641832110626232
0.6600560482902845
0.6606535553547135
0.6606185422192267
0.6509367649420151
0.652977659717489
0.6503981387225506
0.6502100737102524
0.6504146039316903
0.651684488798181
0.6423585371801126
0.655121124581698
0.656397907339973
0.6485764216677664
0.6458467203412056
0.6510214065209062
0.6428704379482812
0.6439607097387926
0.6489245489829878
0.6392973268894779
0.6411015844932134
0.6374107524167522
0.6352000052936713
0.6367166185733414
0.637138227425166
0.6341779926450124
0.635211890686561
0.6396636991408666
0.6372144013233876
0.6366544132280525
0.6385647873876559
0.6293528149130148
0.6265051972318462
0.6306278609616115
0.6315322930827464
0.6288102249894849
0.6246981735682329
0.6252953827381929
0.6243866286150611
0.622126906127952
0.6263892499056062
0.6230358624939738
0.6199187909234374
0.6190591564881366
0.6209310365232177
0.6197633106502404
0.6191384125162361
0.6154821647405297
0.625813763114229
0.619508502989038
0.6133487488482872
0.6149569911781273
0.6206499657448948
0.6218546627732623
0.6179251223797013
0.6245983558318662
0.6169878073793167
0.6148903387240398
0.6132072748894949
0.608418919215284
0.6147493696066065
0.6063724917905194
0.6091065170231489
0.6178586891760502
0.6073415542028351
0.6078039052341029
0.6104312270890505
0.5974512285828004
0.6043915489821206
0.604907360161758
0.6061501539191247
0.6038446582690514
0.6047416407618523
0.608555203609076
0.6073502010549586
0.6033037660542919
0.6047641068905932
0.6042241355069199
0.6099381480417019
0.6021648926390283
0.6036718801472708
0.6025371341667942
0.6048257898922569
0.6072241619086965
0.6040786391282843
0.6031286983766643
0.6035932552111128
0.6011430494340464
0.5983666777504344
0.5976868705822926
0.597693275404953
0.5990474910150921
0.5959676790204476
0.5940835162370748
0.5954305812562815
0.5938128600335838
0.6001717225408086
0.5869754429509335
0.5969810193063116
0.5979270254660076
0.5978473941358629
0.5955877896964239
0.595095617335394
0.5921922937574097
0.5912671207071036
0.5946578933194491
0.5851549809488225
0.5861686826168047
0.5879843041989001
0.5813477941040358
0.5871178490982376
0.5944378625935701
0.5922641379652275
0.5792246986741045
0.5847559920179165
0.5861482338279391
0.5862604963874939
0.5892891945679052
0.5848604446653717
0.5850139426687623
0.5902114719715624
0.5810382047268301
0.5797309018865578
0.5878194234966192
0.5884210498796734
0.5851034631819306
0.5812321105544198
0.5933514197858955
0.575990136950166
0.5818090165187592
0.579061061648641
0.5783180543741544
0.5837990609180193
0.5875449637810454
0.5768105358896927
0.5773839790411787
0.5834315928497517
0.5823375009498676
0.5763286612709752
0.5804364355004876
0.5853594406122051
0.5827142262826674
0.572401302297249
0.5715526090148975
0.5812975725688413
0.5730733671459315
0.5745566046513839
0.5685966875010141
0.5710342518110475
0.5700077602306819
0.5773322571246605
0.5680750180308743
0.5753789660072886
0.565323022371827
0.563706568260862
0.5701474524266831
0.5684301064210635
0.5715772754787399
0.5648539240641923
0.567143755791492
0.5655594070935658
0.5678982072430517
0.5731425574303212
0.5652693053126084
0.567996335320682
0.5631719842010752
0.5684724913135001
0.5611921961205351
0.5676759429715609
0.5581438522805852
0.5537012975430414
0.5622347499858654
0.5657361224810344
0.5705807133163219
0.565022250297981
0.5569817086903831
0.5656567893470767
0.5635517817723527
0.5662840807104722
0.5591797918690271
0.5707474952168803
0.5609067668749237
0.5650947946002467
0.5521867862326397
0.5651086413141692
0.5603141223571114
0.5575845851676186
0.5556045592987916
0.5532290966858228
0.5649630480300145
0.5557210058277886
0.560862326815975
0.5613681699719792
0.5642706290794779
0.5604842971217648
0.5577054584105156
0.558768601489428
0.5621975103881005
0.5651727848168092
0.5554768954377274
0.5600627517954264
0.5637550688477566
0.5573341508300694
0.5531449451948631
0.5576706023972386
0.5610100269697876
0.5522401558320521
0.5584541977894252
0.5571511454843191
0.5592116696112216
0.557293059201747
0.5613189313855866
0.5598980180922478
0.5513472288438891
0.5590938040514474
0.5562604245258956
0.5644547686081615
0.5517851756598251
0.551633265975779
0.5589013192951022
0.5557742965188088
0.551433585534437
0.551328720217167
0.5558831949601041
0.5470895047964519
0.5511849152217653
0.5513316195228621
0.550495628026597
0.5543111515047456
0.544894859946697
0.5591547330975251
0.5514235842023524
0.5460180660865441
0.5449767394657734
0.5478352879033224
0.5480061645025114
0.5528783574750112
0.5362500371084772
0.5483694512564657
0.5515045780278054
0.5475296052903803
0.5520471565367846
0.5467151869831579
0.5483417434366646
0.5453789152120418
0.5465231046842457
0.5469631156803535
0.5427042656432627
0.5426415297136705
0.5490834145117598
0.5439847564712994
0.5440710907133303
0.5518471657743722
0.5448583326757157
0.5427869594393189
0.5418875147578386
0.5436032297771995
0.5440349650385113
0.5429094531169261
0.5407541283941412
0.5456804705545534
0.5426581063146217
0.5461516278377607
0.5365326413321725
0.5386930501577947
0.5419624423416759
0.5395060602779276
0.54446331242581
0.5392374004380293
0.5418351120394961
0.5412299315685729
0.53228496959986
0.5392486299186097
0.5418340804198741
0.5314242890449615
0.545971294002211
0.5345392268455421
0.5365229231813723
0.5373101553749083
0.5413857029158711
0.5333690898330256
0.5380225643234142
0.5356865365890602
0.5430911014766588
0.5357674865851405
0.5391173406506989
0.5380157250673725
0.5353527302200836
0.5293256808089812
0.5410964740352863
0.5388867396345389
0.5336152194527805
0.5377628261935227
0.5346431562558174
0.5385895223235704
0.5345837557499665
0.5359383689102148
0.5372120214140217
0.5374071457962164
0.537413198546093
0.5411348448703117
0.5310292494172726
0.5333192687771735
0.5345875880836681
0.5353170546390915
0.5263180813506291
0.532257917775121
0.5212715610349075
0.5315235826323775
0.5329850017196455
0.5324944429828516
0.5316209513225321
0.5332706576162427
0.5273232026485708
0.5320811305666278
0.5372004112553925
0.5376160025661545
0.5248276567029138
0.527607879125212
0.5348398813330046
0.5308716486082287
0.5279403401423193
0.5296169342157893
0.5293002899518113
0.5315057340065772
0.523397874539697
0.5393907059374382
0.5284952356223009
0.5272174125018313
0.5276789711748698
0.5360931720125113
0.5290156702000782
0.5344979399908358
0.5330128869749702
0.5259757121154356
0.5285380574527805
0.5199256224114038
0.5244262514627668
0.5306254305396814
0.5321251635462729
0.5260085551814819
0.5315004675470922
0.5266572173989582
0.523270544312422
0.5184026015604765
0.5260625059743073
0.5152043318974061
0.5269805090492842
0.5266480465927312
0.5298579559074821
0.5175442281139204
0.52423128844526
0.5267782949913252
0.5218889228668772
0.5231578983266755
0.5223922967843676
0.516498731520859
0.5202087279312873
0.5239976864005563
0.5233317248607753
0.5194348415671589
0.5268239903576674
0.5233275626892362
0.5297463728603146
0.5248586219287356
0.5232822988676091
0.5124111082769677
0.518697980236434
0.5296057844053471
0.5193184548456898
0.5239513502063402
0.525160843846935
0.5209318841639318
0.5185386354308935
0.5148636349015944
0.5178072433633167
0.521219338802665
0.5223500997639845
0.5273238204068262
0.516745813467219
0.5208965789524724
0.5196748425749338
0.519263244235344
0.5164867867037721
0.5145930910971108
0.5253974637258729
0.5120076211890062
0.5170592990940983
0.5181657863974573
0.516978702451836
0.5117998178797455
0.5189084858795299
0.5232497088861247
