1.2853593893913762
1.2409578854513763
1.194180627790713
1.1528371856336008
1.1165026197541912
1.0831228812601836
1.037317912528387
0.9679470327321027
0.8713927717966933
0.7696444102764267
0.7460723128915464
0.7289971268218769
0.7157602411519096
0.7119679721540365
0.6996988334713624
0.6910371976645975
0.6847429375574939
0.6808718745812329
0.6753450256297503
0.6709725301542927
0.6678169311208015
0.664786537390342
0.6616255118703069
0.65890152345845
0.6552415564016082
0.6533205752110093
0.6516098475238463
0.6498164335681355
0.6470780541363361
0.6454542754813258
0.6439346950107484
0.6426550470501398
0.6407852604478883
0.6400594975034362
0.638608773732479
0.6376364107235812
0.6368293612635051
0.6358633242413546
0.6350512908310662
0.6340852056526446
0.6331370752677066
0.6318411125879972
0.6308846730174971
0.6301898735699948
0.6296345344583102
0.6291781594019068
0.6286707009255619
0.6284362082398585
0.6277963063132119
0.6273612717466032
0.6269967463710681
0.6266700332097451
0.6264327172953138
0.6260460528285036
0.6259569502124438
0.625604231359747
0.6253857467633134
0.6252190168448112
0.6250083782480484
0.624778759055581
0.6245975796749644
0.624513246429171
0.6241071980066721
0.6239330723278004
0.6236540988973777
0.6234533702708503
0.6232619728928056
0.6231594693021292
0.6229883390261203
0.622788056669718
0.6226728360915147
0.6225265876951366
0.6224236738120625
0.6222933224723509
0.622110662600449
0.6219369255139385
0.6218936559920318
0.6217727319569413
0.6217342662416183
0.6216005726595599
0.6214544508452972
0.621463100621895
0.6213942674204098
0.6212853767026595
0.6212257754053787
0.6211751823253647
0.6210258871199233
0.6209009084013687
0.6209555122353937
0.6207309431149928
0.6206449561241403
0.620501054749538
0.6204075023423573
0.6203043916520179
0.6201121292325752
0.6200721360830889
0.6199563347550355
0.6198641120424014
0.6197573248877959
0.6197058928839627
0.619633497256417
0.6195841506974634
0.6194983483667754
0.619483518237392
0.6194115763197952
0.6193671375393479
0.6192795163166137
0.6192160369433405
0.619105292599107
0.6190843671691716
0.61903112253978
0.6189816920949083
0.6188743196567555
0.6188859690215779
0.6188206434390918
0.6187840183570996
0.618711059571142
0.6186675338954619
0.6186055214380359
0.618558013055744
0.6185373195650833
0.6184831924957217
0.6184373823164405
0.6184149953371741
0.6183986009437966
0.6183502490293835
0.6183578595933694
0.6183153228981146
0.6182782624915559
0.618257729924395
0.6182479624963176
0.6181723274522842
0.6181148207177928
0.6181289721992392
0.6180823503158256
0.617973704767958
0.6179485194820136
0.6178581705720437
0.6177897644573406
0.6177243528603008
0.6176655719157116
0.6176023067815325
0.6175772932834016
0.6175019808438109
0.6174580827521574
0.6173667732657596
0.6173853142936764
0.6173655408726091
0.6173046088896503
0.6173156707741457
0.6172228054401836
0.6171969540031839
0.6171561574845296
0.6171292290935477
0.6171449024827486
0.6170861719432369
0.6171101971454401
0.6170255260160221
0.6170295784160541
0.6169621974494545
0.6169881434486033
0.6169277438681245
0.6169139207403648
0.6168861070552266
0.6168474336978264
0.6168404771793579
0.6168175623939086
0.6168059327873342
0.6167613129288247
0.6167389058995765
0.6167230637576357
0.6167215976391293
0.6167000873866494
0.6166886563439443
0.6166600202981907
0.6166440173056531
0.6166328197509854
0.6166222835439009
0.6166018438208993
0.6165751228479148
0.6165402989901684
0.6165353282055935
0.6165133200162047
0.6165014043767546
0.616496680531055
0.6164756160128242
0.6164442913385445
0.6164423720464166
0.6164287574596855
0.6164125605809332
0.6164150466439369
0.6164011973656927
0.6163993342095218
0.6163739120092024
0.6163707798346246
0.6163509009673087
0.6163406711716288
0.6163190820436241
0.6163051408007388
0.6162836580308367
0.6162767268224488
0.6162469808382915
0.6162343639985767
0.6162119150551177
0.6162112139126568
0.6161855513068848
0.6161864175874076
0.616167875010056
0.6161534360008161
0.6161448841517665
0.6161246954123282
0.6161298086276308
0.6161059671922053
0.6161056506067656
0.6160373588796788
0.6160329793910528
0.6160488668346434
0.6159712021756616
0.6159676594429164
0.6159482768873938
0.6159394828478286
0.6159236831330345
0.6159235970104381
0.6158966136996982
0.615888977395421
0.6158770647346744
0.6158693860084913
0.6158610852107527
0.6158095453591628
0.6158003934665555
0.6157659452391663
0.6157421053136408
0.6157296662196465
0.615703818640084
0.6156897319833633
0.6156618219509336
0.6156607573389924
0.6156295072302895
0.6156263840307212
0.6155826519170532
0.6155642676598505
0.6155115343929927
0.615481144131268
0.6154492811441382
0.6154112561890903
0.6153854345350914
0.6153566105957086
0.615340278369854
0.6152893210612561
0.6152847130891159
0.6152333056241901
0.6151832069207465
0.6151811900352031
0.6151155793219576
0.6151177069357409
0.6150806237560873
0.6150831290529091
0.6150250429666861
0.6149980811877651
0.6149788991067093
0.6149751276910265
0.6149320190317379
0.6149077039111974
0.6148776027069898
0.6148425556326838
0.6147981180853811
0.614784313151215
0.6147292212985253
0.6147081909141408
0.6146640712721058
0.6146773614852666
0.6146104447019233
0.6146602218401339
0.6145774326039507
0.6145592324036454
0.6145241941215973
0.6145383222834203
0.6145024615249988
0.6144714698807279
0.6144684544516475
0.6144555174713623
0.6144395790563946
0.6144200710470846
0.6144020100438317
0.6143857411542577
0.6143604562700398
0.6143567227218213
0.614338070551424
0.6142797763220683
0.6142419152342741
0.6142646215573004
0.6142185503401789
0.6141940698197857
0.6141497539742462
0.6141506793740813
0.6141071745822566
0.6141014388813328
0.6140612522850054
0.6140211169482646
0.6140232969215674
0.6140059114572725
0.6140121431106431
0.6139794004406577
0.6139688664932189
0.6139561432292451
0.6139441710744081
0.6139311828336221
0.6139182128373738
0.6139173261551075
0.6139030187099992
0.6138897228918605
0.6138876670635418
0.6138713966396727
0.6138703770413393
0.613837417620106
0.6138074996366676
0.6137843842535422
0.6137819654249815
0.6137668065129973
0.6137525883378183
0.6137414613880638
0.613722206589176
0.61372322708353
0.6137105684349992
0.6136923459477556
0.6136881395203762
0.6136590036514444
0.6136512441857843
0.6136299543196218
0.613606642925045
0.6135797904631554
0.6135693990696098
0.6135416409751957
0.613527590364497
0.613498407794882
0.6134919701958765
0.6134639891498088
0.6134369149900726
0.6133946585533767
0.6133775843117428
0.613342513634052
0.6133185306389418
0.6133199045409577
0.6132813613312443
0.6132822728402333
0.613233792560569
0.6132223951446489
0.6131669630517846
0.613152995636087
0.6130822211270154
0.6130418036686105
0.6130160225205448
0.6129216827904568
0.6129006214311692
0.6127837570569676
0.6127614612973487
0.6127122078255659
0.6126769222060706
0.6126335280840501
0.6126273806717997
0.6125928275682487
0.612581969062486
0.6125590975317338
0.6125508913482807
0.6125241408722559
0.6125251953524965
0.6124717500749322
0.6124681764684511
0.6124484958021337
0.6124128078721081
0.6124083394919576
0.612425547177853
0.6124009937076882
0.6123885891604111
0.6123624774555845
0.6123674526315405
0.6123570683038987
0.6123414778390158
0.6123269227646954
0.6123164782082757
0.612299556760509
0.6122658473904129
0.6122722427144065
0.6122406086846277
0.6122230312569126
0.612215990271811
0.6122019339933099
0.6122121666999405
0.612199289584769
0.612205007315255
0.6121904698827494
0.612206835592104
0.6121320196435398
0.6121297667046789
0.6121104150014195
0.6121169558573679
0.6120684075131274
0.6120587189275708
0.6120205531603538
0.6120124463109828
0.6120007494746578
0.6119842872629138
0.6120143645039302
0.6119747265786747
0.6119781114910012
0.6119778325817616
0.6119834063908397
0.6119614622001147
0.6119588458838958
0.6119355180937024
0.6119237181504198
0.6119024796035758
0.6118880711900638
0.6118763382426904
0.6118679557393608
0.611850339220403
0.6118523134109457
0.6118322274568493
0.6118231021090484
0.611825132195089
0.6118259137607386
0.6118126245496248
0.6118085401864228
0.6118161289091841
0.6117876729679473
0.611786895459592
0.6117724269708136
0.6117697421935359
0.6117483012317811
0.6117282137336091
0.6117322329858276
0.611702223591319
0.6116887328558244
0.6116728195302797
0.6116583428190734
0.611643182295653
0.6116240192642205
0.6115982772859705
0.6115880539860392
0.6115850520413536
0.6115795247477274
0.611550846542894
0.6115432911118949
0.6115253710967445
0.6115144638584422
0.6115073201004648
0.6114977934265425
0.6114849775797092
0.6114696056943351
0.6114622200412272
0.6114374950442736
0.611435705322418
0.611404824494945
0.6114038112893716
0.6113753414979078
0.6113815053533661
0.6113490522231532
0.6113427153897498
0.6113216407752935
0.6113144338620614
0.611298127959511
0.6112678051294103
0.6112691960578562
0.611259415428556
0.6112680140017256
0.6112407786948602
0.6112562285582431
0.6112300092182374
0.6112400417234489
0.6112073366375483
0.6112189919964058
0.6111894470449293
0.6112057219646236
0.6111838656541567
0.6111934172490189
0.6111723294207635
0.611165910321552
0.6111568022332702
0.6111457645353624
0.6111455868637452
0.6111383111429541
0.6111381466298964
0.6111163744861104
0.6111355682796876
0.6111047987209092
0.6111115686235956
0.6110885038942162
0.6110985271069289
0.6110688726989953
0.6110815700689445
0.6110507996354374
0.6110514878928467
0.6110460055530771
0.6110189923296776
0.6110146955465228
0.6110037144112066
0.6110026040420181
0.6109954622302994
0.6109989638774553
0.6109849727435315
