1.28527867496211
1.28325499535311
1.2731651124919843
1.2661073699530023
1.2581723375910092
1.2492074474523371
1.2379046791096426
1.2284496941888798
1.2209717108599796
1.2129532949014181
1.204490227193336
1.1962645680077075
1.1904552852574015
1.1833719560564635
1.1745259693230172
1.1670303152554122
1.1608770324995865
1.1540601470055272
1.146619468177582
1.1419358652270581
1.1365534221932596
1.1314511002577183
1.1240589333636533
1.11932610462885
1.1150127313056917
1.1095384102843573
1.1047887877044649
1.100411396531652
1.0974796955112534
1.0919904433381817
1.0877099968154802
1.0811323134217503
1.078400615565966
1.070286744609286
1.0668166830063759
1.0623580240705668
1.0552490277311375
1.0495109279630295
1.043083291024613
1.0373601243063275
1.0295795003082346
1.0230787019182395
1.0208560547908065
1.0083533476172182
1.0098288704437792
0.9996822881124509
0.990000354548169
0.9830846879008751
0.9794969445203208
0.9642990684725561
0.9647249323635926
0.9551304777651928
0.9527386785092681
0.9336714442513587
0.9308909774588654
0.9205258177821127
0.9262773075109779
0.9105646875871988
0.9027658113000804
0.9021836357667273
0.9008857797567651
0.8905248860150303
0.8817311210029432
0.873997231531979
0.8902632047025812
0.8543956499215608
0.8557935642380947
0.8518081874355521
0.8577780073874754
0.8375999071110024
0.8362007538029779
0.82650834420644
0.8459869937973821
0.8175496833388884
0.8173924555285866
0.8037827644588447
0.8186536527383259
0.8006319368638171
0.8008169179561284
0.7963571259235036
0.8121171370697756
0.7869244903109159
0.7884136585712046
0.7883656869461828
0.7997283168645198
0.7752246533310169
0.776120042538899
0.7680588800691713
0.7832315978026076
0.7735275515485178
0.7668084317634498
0.765710342803806
0.7712779618760361
0.7523664531192223
0.7705180006725852
0.748106735947363
0.7676511369655445
0.7473948097475922
0.7488917915465259
0.7476912701154003
0.7528073362459446
0.7426870716377857
0.7409090322525699
0.7292080530552381
0.7495127740894967
0.728616535032949
0.736848300254204
0.7261903393862461
0.7431616680373053
0.7196577822258984
0.7245595917392231
0.718740666330078
0.7326635945677568
0.720565441589412
0.7162648637215928
0.7075014144997979
0.7241734045242715
0.7124382025872524
0.7130519599830046
0.695484539537884
0.7198334499031925
0.7020920006122469
0.7089992474279927
0.6992085609897519
0.7134471867781244
0.7026660404182437
0.6991876699045555
0.6930451491444656
0.7093037412943973
0.6916532536801266
0.6954176335738014
0.6845413988010669
0.7113569642399269
0.68259511424087
0.6835046035322981
0.6772975341906302
0.7037931000804679
0.6756516975796735
0.6788301988400867
0.67122305001702
0.6864675097304107
0.6692770134816263
0.6770253462158136
0.6723841861949708
0.6859721999238827
0.6675249954992297
0.6708996843935612
0.6599030530729003
0.6835431386500407
0.6600506537424523
0.6667428637405507
0.653702727580757
0.6717169907479636
0.6651931737582826
0.6669825397281834
0.647750575610701
0.6721126039925802
0.6542177806913214
0.6580146411449005
0.6543232554306814
0.6674345885523926
0.6450114476535156
0.6484552319617194
0.6448548043098005
0.6711803643984778
0.6383365821552928
0.6570991446733047
0.6413850503490511
0.6600900199430952
0.6368384054303594
0.64987991346282
0.6378349996777393
0.6594257691439896
0.6325188675758172
0.6411524505391785
0.6408628113448117
0.6509207808454366
0.6394255051304448
0.6412256907715704
0.6306477340761473
0.6558059511938689
0.6310550516608244
0.6339599171108334
0.6291138553950534
0.6511535821902021
0.6252700434402819
0.6345714038344532
0.6286281479930167
0.6457026996649268
0.6215864596570903
0.6287817744397685
0.620666753738838
0.6450631032006701
0.6175599315141005
0.6336528151540934
0.6148769181327655
0.6423109608040919
0.6208704242348376
0.6254222001282429
0.6129801366330226
0.6358916925444988
0.6146804824172479
0.6209125577564364
0.6145980440314024
0.6307972161465888
0.6072020137426026
0.6212410854000607
0.6111299267073288
0.6273408107003812
0.6086015408915197
0.6146577411710633
0.6030246352714212
0.6236502031014028
0.6002804879373368
0.6086138701602045
0.6044550303422043
0.6220601382043167
0.601641099996204
0.6039069864418989
0.6003317873919908
0.6200601140378822
0.5995638789171971
0.599322212970917
0.5939625031814745
0.6147426118072228
0.595861711405405
0.6028882662367268
0.589909684476341
0.6111303043827362
0.6008047359150365
0.5930701465585866
0.5864132669317761
0.6163899069436115
0.5865409502263739
0.60057566355962
0.5879730836301768
0.6135475419353027
0.5820296485779075
0.5912916382330564
0.5854283906353497
0.6083495027335994
0.584682512815455
0.5886007573970966
0.5740873698995085
0.611113525887161
0.5780611407732954
0.5841285111534466
0.5844556946255616
0.6033528937057757
0.5763449201610202
0.587175618268834
0.5769998817005534
0.6086723622109194
0.5780828282978777
0.5789178003677309
0.5731929205941814
0.6061363148907787
0.5701358023239016
0.578280622580166
0.5752418857760814
0.5941503901332232
0.5734261150625086
0.5767078662424646
0.5705874125936969
0.5987460770426489
0.5661792845251754
0.5772643755986223
0.5656077340223733
0.5911724605812447
0.5659756089709016
0.5724705302743498
0.5680126535328996
0.5888788512440978
0.5682965569002958
0.5707550906178847
0.5631167719542207
0.5772225446643834
0.5598317768589285
0.5677883557202789
0.560417089037105
0.5796370768184924
0.561656213934485
0.5686222508927402
0.5515528260697181
0.5779285486456404
0.5550850263669401
0.565025893272422
0.5536501961254638
0.5746241581098559
0.555840949004601
0.5654956953672797
0.5571470142400898
0.5725154907241595
0.5544492118298056
0.5688911437864645
0.5496278145019255
0.5672260235437632
0.5586677158421943
0.563573881866029
0.5521886073252446
0.5795857143349059
0.5529034627443797
0.5651645762103269
0.5523011769825865
0.5711042260541278
0.5493712278160582
0.5630076130606613
0.5505911472966887
0.5652442818993721
0.5458179862259677
0.5582487758158631
0.5484671115474384
0.5666657380424132
0.5496225149116689
0.5558261806496636
0.5402341747361957
0.5613505271722029
0.5494351185259306
0.5575852138782726
0.548411583895622
0.5575335795736324
0.5423950888850064
0.5527371536921247
0.5433580108376235
0.5643852802111519
0.5426855637318132
0.5503024367068238
0.5364432131449047
0.571559676229743
0.5438774670732233
0.5491351949733689
0.5473439269487302
0.5623654636492944
0.5388074421381468
0.5467026860560056
0.5357850851972361
0.5632143655115215
0.5380532344313033
0.5529472572737143
0.5410729062993656
0.5549769124517646
0.5381265867604855
0.54933752053959
0.5332565788793779
0.5567602915180424
0.5283892808619933
0.5436577199326249
0.5321585885131287
0.5530182358770839
0.5292084852601187
0.5449874944097733
0.5312889290327163
0.5469479985720676
0.5302804139397705
0.5334428454522937
0.5343935240475673
0.5493302887553089
0.5257689332801099
0.5352726023258672
0.5313357392522853
0.549611218068027
0.5349344380846885
0.5367258788897854
0.5287328510749278
0.5461280491097534
0.5276555953864543
0.5325298812690897
0.5265807901301317
0.5483813047655351
0.5243276591145064
0.5338533307084365
0.5223383854604438
0.5499819363602042
0.5259468748656762
0.5319090791500932
0.5211210301908785
0.5417858565065374
0.5163645121255273
0.529004042999294
0.5232376659632553
0.5399839548409227
0.5215028543432816
0.529059783041617
0.5187731328834151
0.5382507576367597
0.5223100652119554
0.5206656888492942
0.520445022993985
0.5405853917221413
0.5226902559791029
0.5274131180066474
0.5113798623572783
0.5268802914789129
0.5165628581442822
0.5216256504598583
0.5180092305714213
0.5388465625266908
0.5100245896880748
0.5226816583333429
0.5094008368782726
0.5446254415076156
0.5209000425857103
0.5233064601642872
0.509049309057246
0.5425368814370001
0.5140259066044803
0.5184467794547866
0.5116825261245366
0.5420181496260462
0.5172337537738638
0.5186901241184425
0.5080516217697759
0.5278317370873647
0.5117753709460356
0.5200981886219015
0.5080176747082085
0.5379417729841277
0.5097540118329396
0.515566118360304
0.5082023020055485
0.5307490833270232
0.5084392544709999
0.5164500263596126
0.5110264358160905
0.5324863822601928
0.5055184453389531
0.5128079147189194
0.505781405664998
0.5377619788547675
0.5093685030961336
0.51642575029965
0.5041033711676358
0.533260592780226
0.5040823142521378
0.516562572374805
0.5095598474561093
0.5261635454207841
0.5004233056529073
0.5116646687024852
0.5037183201024098
0.5253499125971913
0.5044355214584871
0.5137724355800215
0.5038967910257894
0.5260973467076252
0.5042272708275319
0.5103224383931347
0.5056503323109607
0.5244067336823426
0.5073285084555705
0.509011843097925
0.498732575210291
0.5272426726757145
0.5019191425783797
0.5136596484888236
0.5022017317272279
0.527217194126522
0.5001807694450318
0.5060054088479536
0.5002855776549189
0.5249659951088802
0.5010820603906764
0.5095239529821957
0.5032794829137176
0.5169288746876218
0.49710667736435
0.5052738029550179
0.5043949865147401
0.5270412204638455
0.5022852234581741
0.503792556347018
0.49827501645568734
0.5241695448524357
0.49595008291273546
0.5071537914949362
0.4960192892036988
0.5198787133206538
0.5000948287809082
0.508155383330712
0.4960396621984217
0.521141974584163
0.4934530217453115
0.5014512747506804
0.5004284901174982
0.5198004150395338
0.49988400996123245
0.5062220999829588
0.4970291549232649
0.5182890747728004
0.4960939352441589
0.5042933659625378
0.4954863646250045
0.5151771537660299
0.4904573846844034
0.5039749977890892
0.49616033088096145
0.5228096424095295
0.4945141592932612
0.5055625105219138
0.49017442849513804
