1.283227884866724
1.237376425524208
1.1942095877056584
1.1551727962646485
1.1202609953370148
1.089790330592341
1.0562344247587783
1.0021597702223224
0.917069175342908
0.826977468750268
0.7856847424281046
0.7710919546263382
0.7501961257978857
0.7373034372205272
0.7200854120032436
0.7137357218069978
0.7089566362803611
0.7029126737075181
0.6903657704618882
0.686227287549018
0.6800980642303546
0.6740220824043969
0.6667059404329699
0.6603603893936425
0.6582059850818547
0.6475930269457573
0.6447056172219638
0.6406971729531092
0.63457224681249
0.632942275205863
0.6225503682711178
0.6187845443995513
0.6099864297498206
0.6121282251797722
0.6026979599411595
0.5987238405531825
0.5982877975665924
0.5926228544370058
0.5906683859984388
0.5844444621638403
0.5825355301910966
0.5750326956336173
0.5714294129440631
0.5677351773468949
0.5655722763800698
0.5593586022821767
0.5590075540569848
0.5525633875567684
0.5508558123378625
0.5486486044885164
0.5457675676077519
0.5432918189546042
0.5342664743379325
0.5387898570915584
0.5322155686766116
0.5278553281904874
0.5282586141617677
0.5216923484595613
0.5214627497280078
0.5142436656434419
0.5160764503407013
0.5120385628364186
0.5113568439893447
0.5089751261426755
0.5047974145568056
0.5035592935543837
0.501217240792962
0.5024717597932393
0.4918470756828252
0.49405563136617003
0.48712995708174633
0.4928240283345085
0.4873091989547452
0.4911923689964513
0.48100464464955217
0.48348562896375585
0.48177428920021853
0.4756923453074533
0.48307530685066247
0.4770775227906685
0.47690866737111837
0.47035908306932683
0.47200301151938157
0.46642599865812207
0.4686384680333069
0.46319971255239545
0.4615453947909002
0.4624655437092458
0.46025574966351607
0.4582891636840565
0.45375452102940417
0.4597338421932647
0.4509031612262432
0.4585645919569205
0.45140232804409297
0.4495686453156659
0.4521724798644763
0.45050025860406984
0.44602565238596675
0.44984078994654453
0.44678847639267666
0.4472215036678257
0.44546213146941843
0.4455313145953223
0.44663512779103176
0.4414229392793106
0.4455799933864531
0.4452258917241365
0.441470107827861
0.4381876592733539
0.4377030270550008
0.44279053492198867
0.4334581155264949
0.4432742362249158
0.4336707321431978
0.43897410912465906
0.4332785629283686
0.43374446004952427
0.4331526365875365
0.4335090665821569
0.4314813708783701
0.4320594451363211
0.43098204958281444
0.43285742998760973
0.4322664869520311
0.4307131186388457
0.43266286612299665
0.4310432109360259
0.4320986937449783
0.4307444677359713
0.4286266702883389
0.4345443061612162
0.43128998752661163
0.4302342202064895
0.4323831787307582
0.4317348843474909
0.43030498465731404
0.4306143610264145
0.43024225014200346
0.43166544802092105
0.42862820515389505
0.43174278728874876
0.4312107928306391
0.42796442645999055
0.4308636308504085
0.4292477270893144
0.4310505146896303
0.42871016743777857
0.4298889156140749
0.4287513256483769
0.42969698267302137
0.43169715527701114
0.42996479060246134
0.42973125152716185
0.42970228622532025
0.42780047523112985
0.42792460051688186
0.42975701455183524
0.42752980772691734
0.4298782594942696
0.4304455374306728
0.42860056319632817
0.42797888644730503
0.4283205309742312
0.4286133175813838
0.42994819480314783
0.4293516456831534
0.43110984614283415
0.4281775450094829
0.4315265160828349
0.42929356012699155
0.43342533058143057
0.4287204590174979
0.4334420749845859
0.4274175412118833
0.4334252149668314
0.428989531098824
0.4339298228493106
0.42884592728027093
0.431561029449655
0.4283793531043889
0.43160200081745037
0.4270027262157681
0.43361883462316453
0.4282185877589534
0.43127057125272034
0.4294799961053431
0.4308435976403026
0.4305908808352726
0.4303229531863019
0.4281025335692289
0.4295815349417778
0.42704906207105275
0.43062310002263865
0.4279632900100569
0.429170248997022
0.42867973913754415
0.42886510479946444
0.4269434409441408
0.4296611607127103
0.4270615169201333
0.4295236166696309
0.4263432318493046
0.42937365366485114
0.4270069680221323
0.4295467785387603
0.42568051600356777
0.42926836488334635
0.425753498687956
0.4289969692753995
0.4258696951969971
0.42910787508566844
0.4254160247991722
0.42898459360906194
0.4287557072759576
0.42871585436015774
0.42549590297258905
0.4295176638989784
0.4251740962441279
0.4304398998629953
0.4268681880005647
0.4295443351941038
0.4259450128858103
0.4292966527096579
0.425960332551456
0.42950552027391015
0.42575777001585646
0.42973567241637095
0.4255080784459753
0.4296078434556249
0.4262746525600118
0.4290350911928417
0.42651986601338143
0.4300054750369922
0.4269459048289297
0.42979666081151446
0.42705741531972724
0.43004106610757475
0.426853318670204
0.4300172204986299
0.42729861875077774
0.4304444350769772
0.4274929882475986
0.42949871615385443
0.42743987752393975
0.4301351438939201
0.4272230888209292
0.42952865725044936
0.42793520548937336
0.4297463468837109
0.4280670353052592
0.430487225604174
0.428134826883333
0.4303436262474159
0.4281954902712974
0.4303302619430859
0.42722926704518904
0.43026535501575164
0.42693442640592344
0.4308567890666878
0.4268052359072341
0.4327576776053872
0.4262282036217662
0.43320966952449336
0.42673992177198194
0.4323549032434247
0.4264234625506079
0.4306121440023453
0.42678252676544104
0.4318877064373558
0.4267040154022317
0.431508347630886
0.4265871592057298
0.43149714361151853
0.4265688837277873
0.4317905682314965
0.4265336039068255
0.43184563779008484
0.4265663871353789
0.43169053038650157
0.42676892259455823
0.43162995406726445
0.42686855585385663
0.43140539461324345
0.4270087312596288
0.43102294202417024
0.42705295555822886
0.4317334653999834
0.42722871119530614
0.4318177110460529
0.4268464146785481
0.4316298378409152
0.4276591602618749
0.4321366314510226
0.42762007408120406
0.4312775781672588
0.42748817234518605
0.4319944145908658
0.42771533403048523
0.4312800213016452
0.4274491089492831
0.4319922961369386
0.42731500267788125
0.43198370805782915
0.4275868219897261
0.431918037457114
0.42757812434181214
0.43189471250426614
0.42756225888020577
0.43192381068144625
0.42755249601881423
0.43197382868154943
0.42757632473819845
0.4321481017070183
0.4276566267931288
0.43233561010331406
0.42760020207905525
0.43253872324539244
0.42760862766281105
0.4326245984670492
0.4276124159349915
0.4325048908781228
0.4276488685098369
0.43239741786353847
0.4275790677335163
0.4324449775870183
0.4278174988097622
0.4326334196821628
0.42729756428520727
0.432802717216773
0.4277506927253923
0.4327617838115062
0.4276105552428403
0.4327487585757995
0.4276022511734346
0.4327523537059377
0.4278987125684048
0.43277614596343267
0.4275864402281154
0.432835283530865
0.4276564444252103
0.4329465337494348
0.42764219285253574
0.43306463662880335
0.4277321845005096
0.43304322131730777
0.4279375336788025
0.4330397058426679
0.4280061165806631
0.43306099748806703
0.4279840699186443
0.4330722902581509
0.42787732043238724
0.4330989560522947
0.4278017391110499
0.4331051212110804
0.42775108769206105
0.43310249063465417
0.4277253795146231
0.43309489561801334
0.4276973854814911
0.4330917500354366
0.4276503191689943
0.43308993510883464
0.4276352942978665
0.4330904690573155
0.4276239977728941
0.4330912576418216
0.4276310392260522
0.433094235183159
0.42765227718987886
0.43309940080832554
0.42767408582475325
0.43310758584421727
0.4277078700167777
0.4331115512705044
0.42776621017821154
0.4331109774037609
0.4277669377728262
0.4331126841245259
0.42777176411878964
0.4331124640460591
0.42777129751972504
0.43311249776644317
0.4277677869090234
0.4331124953192068
0.42776198956618205
0.4331125069405574
0.42775732415633483
0.43311251907917264
0.4277533780398006
0.43311254283782913
0.42775261626040245
0.4331125341682404
0.42775473023869914
0.43311259871479535
0.4277570657704796
0.4331125999715248
0.4277596865126453
0.4331125849792414
0.4277631381120071
0.4331126043229805
0.4277642151992639
0.4331126138487293
0.42776295140086745
0.43311264738882693
0.42776348936083824
0.4331126443154527
0.427768381474021
0.43311265474930605
0.42776798042510544
0.4331126636614929
0.42776833672846765
0.4331126914862273
0.4277677115036543
0.4331126822797391
0.4277675696220596
0.43311273886017815
0.4277700281030884
0.4331127409076104
0.42776995181123995
0.43311273625622837
0.4277702732641184
0.43311274561091
0.4277703433889029
0.4331127557746806
0.4277703461593209
0.43311278049655955
0.4277703631112495
0.43311277498093476
0.4277703582750055
0.43311282260430634
0.427770406502245
0.4331128143333756
0.42777042055742703
0.43311280565989024
0.42777044988163127
0.43311287908767615
0.42777045956702237
0.4331128761443143
0.4277704807770259
0.4331128606061493
0.42777048751019675
0.433112874269212
0.42777052632051765
0.4331129074634804
0.427770550001988
0.43311289967737215
0.4277705353304968
0.4331129527983607
0.427770568864108
0.43311295670002536
0.42777063267678633
0.43311295012191203
0.4277706224200016
0.433112983362668
0.4277706413418812
0.43311298958746547
0.4277706806226086
0.43311301722519785
0.4277706800372925
0.43311300896400245
0.42777071091374164
0.43311306959834195
0.4277707324392163
0.43311306730543964
0.42777073940663984
0.4331130578186806
0.4277707960442315
0.4331131275754505
0.4277708072470576
0.43311312679200353
0.4277708033449507
0.43311312271375807
0.4277708344688171
0.4331131306262222
0.4277708586456438
0.4331131748560691
0.42777089147924935
0.43311316185293286
0.427770896150355
0.4331132165994282
0.42777094246588276
0.43311320690483335
0.42777094685401884
0.43311320291034144
0.4277709718605496
0.43311328581165476
0.4277709876033165
0.4331132828480631
0.4277710163986958
0.4331132741890205
0.4277710388207901
0.43311327074526673
0.427771093591783
0.43311334295910353
0.4277710902935478
0.43311334116901234
0.42777112204551476
0.4331133369270842
