20.418006922402647
20.393230369228927
20.373262689241013
20.324230561441777
20.269047609381282
20.204596101145324
20.141309168940577
20.07264986754091
19.997838430572646
19.923080837505616
19.850900386212754
19.76919019816773
19.6846894399966
19.6024297341566
19.522903314800732
19.43040769006469
19.346223886957866
19.249948562555744
19.150555627082024
19.059177001682706
18.980862741972647
18.877512412205142
18.78642029235205
18.686946701443155
18.593548763887426
18.496484515723658
18.388742916716854
18.302396481351014
18.20136794014828
18.11501592864829
18.023772794842824
17.927365826377603
17.84510649574458
17.768995688581803
17.693908384850616
17.636870764392413
17.560314282813252
17.514192654868904
17.4607110115722
17.413366903947693
17.38404000064911
17.33463372612565
17.300960727548386
17.279863314173912
17.25252219938125
17.23329250766318
17.197367310012886
17.179580948073983
17.15478902751859
17.143919366638432
17.125811752410847
17.118132750503136
17.10702749580234
17.10387516397481
17.081802325880428
17.07111313631094
17.063807459498626
17.04445539704485
17.059374848573185
17.049995488266013
17.041241611921528
17.061639027375307
17.049118344131493
17.038279448804836
17.038437938767494
17.049993933741018
17.048606002360007
17.050969534279968
17.039850661274397
17.03539767535719
17.038737446711714
17.028440188280626
17.038136702078667
17.042982469587553
17.030312231434262
17.021243472324105
17.019116414070773
17.02589857637529
17.02153412868755
17.017257202225014
17.02400546523851
17.01919635809616
17.02374230633073
17.01223389681752
17.022461690929582
17.022235228894864
17.00363161639124
17.025482300189992
17.01211644479879
17.018379197422504
17.012060966155882
17.021683930088145
17.017976789716176
17.00461575045973
17.008477210916613
17.011153403797813
17.00176824492362
17.008699066843167
17.001266464172044
17.019073415873557
17.000130620513133
16.99418362233435
17.004617223493437
17.00487591704312
17.01168474634974
16.993088843268634
16.99544285687386
17.002333537792587
17.011080727437022
17.010942888420338
17.008172071045838
16.99375979434265
16.998399404942077
16.994591999633055
16.997767541035593
16.992959308718557
16.986429137624366
17.00423247812902
17.003687950086285
16.999021959782283
17.008258812144902
16.991838840159055
16.997160080914565
16.985749287709133
16.997966892020187
16.993076971000946
16.987475407617026
16.9869339455748
16.99659159033031
16.99961702218097
16.999484953459067
16.988579068334822
16.992736868281302
16.970073499914665
16.99238233136645
16.985808353751448
16.99753056425046
16.979887227096512
16.987666784661194
16.989797574018326
16.992944054817304
16.9783009091783
16.99004874406606
16.977188943007665
16.98495978642854
16.982558924670485
16.983950526297928
16.98765555560419
16.9792993250217
16.978951132359033
16.979306926422787
16.987559675258076
16.974791874807693
16.97518861032676
16.985542559003882
16.98904341431425
16.994298308577175
16.981068016138046
16.980134247823713
16.972466850691777
16.99559677927548
16.965385605286713
16.98372866778424
16.971350207621963
16.972522859722414
16.9832038563665
16.98120574803569
16.966524812085478
16.98603850515958
16.96498804243846
16.987065629300336
16.97010876624066
16.97456130413405
16.98441252245441
16.989456244940758
16.963480513698155
16.96818477900832
16.968216413807692
16.98297458083464
16.974476274179086
16.985092032251085
16.984815203100453
16.983491104786022
16.98593878748129
16.977089267466077
16.980008839871495
16.992069837751686
16.9860969963156
16.982704929339842
16.986270076854545
16.986830455041805
16.97755001185389
16.974094660279142
16.978388771326852
16.957682667662183
16.974736273775562
16.963960334387345
16.98112280286516
16.975590850879517
16.970447319398833
16.967844887528255
16.968480854139038
16.977291715346503
16.971564681693746
16.97752304693629
16.979040309948342
16.979360219778183
16.96936814574455
16.971775380563308
16.98385759400467
16.97812595322684
16.966396473676586
16.97761119064208
16.976610819142074
16.958715197266095
16.96965098539645
16.974031152227028
16.975870634236514
16.971457847989342
16.978126701437947
16.976745419588912
16.96802606149931
16.976092337027463
16.96947265500934
16.97878804234069
16.968364716439876
16.969259056586782
16.957743679144254
16.970889670616934
16.974441953055504
16.97881144177352
16.980102985635476
16.971806349573114
16.970933211781023
16.959068611611087
16.971819265941747
16.966104056166937
16.97312487982392
16.96720908670582
16.9691970485754
16.969875796547736
16.96847579393271
16.978917213943046
16.967830970480037
16.972243575253053
16.96456167823254
16.971710236458854
16.95569804381129
16.94925112715
16.969003730642537
16.9599093693779
16.96219918890724
16.960635157071607
16.9677658931875
16.97360850799144
16.97759031369107
16.96528811172306
16.97842959164645
16.958444994145697
16.96506933864043
16.972561192019313
16.971580317965135
16.960325728623292
16.961651442947872
16.969861829740754
16.964705199356892
16.956778536753596
16.960520550155145
16.956719645557715
16.96050466728247
16.968626854999076
16.969236124919423
16.960680513814935
16.96418490928519
16.96464213713863
16.961740338755128
16.969520470791995
16.960999885428258
16.96113102468224
16.956114662587304
16.95914411208113
16.959218138770453
16.956403358806874
16.946876826548102
16.960312478680855
16.965732182373607
16.964928462143675
16.969869161383865
16.9654943694328
16.95673293377907
16.954339315438858
16.960244462797917
16.94978245569104
16.951782254978532
16.95970220265745
16.964290631799
16.958217820806986
16.956053030355548
16.955632336627584
16.94796649682866
16.965022363333052
16.95976089588731
16.95404839296103
16.955552756132708
16.95957454876658
16.954555183902155
16.951883244767213
16.949714463335475
16.947767740070574
16.95692259415965
16.95616145728907
16.950977114091895
16.949528694612532
16.96281088568335
16.95035972463087
16.94795515923067
16.95132685312182
16.958723382964376
16.953846447085255
16.96542450892395
16.95364484456083
16.971763139276845
16.940128916678567
16.961879759932298
16.948959259142903
16.94160576386902
16.954160145937188
16.94567108553999
16.94491282000176
16.948955292142042
16.94551326624763
16.945392949888898
16.954749497364155
16.940113971922823
16.950543020598
16.94761121359708
16.94661730619587
16.958461456272595
16.951508722257678
16.955837325305883
16.946312370081852
16.94322900592868
16.953725900837178
16.943746858926918
16.956196808427677
16.936249544272062
16.94645522235958
16.939057084110384
16.94696702322303
16.950749356259013
16.94271288193777
16.93196451989652
16.943361040156162
16.93645011047231
16.95258213647618
16.934536907084187
16.93842159502079
16.94677618650779
16.933330858104828
16.94873119311361
16.942031811321613
16.938627933274486
16.94458693033171
16.940131481163924
16.940298457238963
16.941241079097523
16.942634548023563
16.94410199114439
16.949715995889207
16.946135681267673
16.941330237107252
16.930710996423667
16.943832569846165
16.952155154486714
16.94129946366721
16.93220526457424
16.932051195626887
16.933696886246057
16.931620287350263
16.93196385115602
16.92815268563367
16.931149263364528
16.926330851019024
16.929610176919656
16.92637229317088
16.92883467533715
16.93151549126177
16.940131382926293
16.931908173999048
16.933411415515902
16.938206459254435
16.941718204847696
16.935167633129684
16.934086221970514
16.931239278406572
16.927758274078787
16.930092669606285
16.927935044411665
16.91026526371804
16.9114642341528
16.921985493169345
16.936644036181374
16.927966812929192
16.925548521589413
16.92536642478386
16.93461487115397
16.917183325568544
16.917722401774128
16.924159746711446
16.92440152558408
16.925532925465916
16.92780905997734
16.92935554963306
16.923876223693334
16.9272227929495
16.91746667322642
16.909911129220863
16.91429218395077
16.91805753529418
16.924250392182127
16.905687643720636
16.90157263757025
16.9270439648288
16.908707165829036
16.914858162633944
16.91797248147812
16.912323906687686
16.920923747736897
16.907496713126665
16.921213875505575
16.91013232854434
16.920116566665147
16.90916457215133
16.91514283508059
16.915476680434544
16.924472939717866
16.92130411737832
16.911487268057115
16.918222018295072
16.907672818859186
16.926045454532584
16.922414035095507
16.915244954187866
16.911589273526594
16.920276394677078
16.919705218258006
16.92595905466562
16.9180617942799
16.917965757335082
16.92331583895409
16.92199407595345
16.919465444770566
16.932929815023964
16.910573574702553
16.91862999204519
16.922968286058968
16.916380730885137
16.908919668792475
16.913092557258235
16.904116479181756
16.913977615591108
16.904133781941372
16.90943517498171
16.896447490667633
16.927664436821452
16.904872905329302
16.90893348155414
16.89963609987294
16.895284205619102
16.916159684835364
16.909579563128442
16.89538599656568
16.90693600021007
16.912335931336244
16.917908164629946
16.89116836697816
16.911442411490057
16.899735515911065
16.9212649576437
16.912132890711078
16.912852311895637
16.914293592275534
16.90166498985113
16.915863069874682
16.914737917209248
16.90010678666327
16.902182518421405
16.905727039668463
16.926797184842133
16.91015484359304
16.916298651884855
16.902682981615957
16.903042287257886
16.916536706476776
16.912596025639115
16.909986127374605
16.918031972229855
16.901619727640306
16.917723234192184
16.9054237504775
