20.395164351221503
20.353927881620404
20.32148233765733
20.24259249434103
20.20545440844126
20.14282513489727
20.07185682531321
20.00016750907157
19.935062287519607
19.86185627400728
19.781927784760068
19.714028520619088
19.628399301055016
19.557687725157393
19.46679631957452
19.38460433555301
19.297923030390567
19.214124825667163
19.12058247384764
19.03869493913866
18.936056448769488
18.855436023226627
18.75459545445359
18.655340331762048
18.56787906717904
18.484081798615737
18.381767279646972
18.309485200476054
18.215498605360043
18.13200424595326
18.043333820937697
17.96707982538811
17.87761542087371
17.810308048164618
17.732865707889804
17.67698009893282
17.60349486722841
17.549737554781604
17.503744297326378
17.454412094514993
17.41514805039717
17.378035772700922
17.35989485728636
17.318318862141002
17.281085425723113
17.2656889678468
17.240615417116487
17.206393696475526
17.18863688354361
17.172712743303705
17.163205434652035
17.15165783977419
17.12641925456233
17.118662739534596
17.11795464190121
17.091959119493346
17.097042647978252
17.085895723290836
17.082993859295698
17.07652575502863
17.072156869765085
17.05832989743195
17.05345672891834
17.05022238000285
17.054289451050842
17.047164451594693
17.03846709788783
17.019513382803325
17.022359532658356
17.01936524301716
17.018002160543674
16.9967587755063
17.01997143288697
17.01324552392097
16.999951490029535
16.99112019235929
16.99104688579231
16.986006848277267
16.991162483110145
16.99819256480228
16.97966457538907
16.988637884207638
16.988793276818576
16.984323650554842
16.979458708246234
16.97222226206654
16.96892805397144
16.951992532847843
16.975996792079773
16.953645940100415
16.95395862656667
16.95036241082982
16.942270638717645
16.941002164592266
16.939855027808896
16.947660516093514
16.93475183155007
16.936541795226056
16.940587712781646
16.93373500235125
16.934101905798325
16.934839109904324
16.94061318661193
16.931840140919167
16.929579634683826
16.93051091057655
16.93022255491369
16.924289039882257
16.915119286470517
16.924567520337927
16.926030557317862
16.914450774130657
16.91730396095228
16.9034815597169
16.910243793590258
16.905510410064476
16.916881175005454
16.912903257052985
16.900903657143004
16.916818139655096
16.90823242418741
16.90287983058069
16.885509768442343
16.890405249292073
16.90479922928633
16.887265477588016
16.878965017575865
16.881379124535673
16.890536791612035
16.891402216789857
16.885714758312215
16.89392502153039
16.870930383856013
16.87102680411927
16.86821410541375
16.868368161775194
16.869157782095527
16.871233514187562
16.86284455528919
16.8771596247137
16.863709166935607
16.870947806193254
16.85892662291673
16.866753768466424
16.86398753410543
16.86319132936892
16.856403382316667
16.85554724219848
16.850060487776926
16.848149500244737
16.854174818162956
16.864237830970296
16.85392951981652
16.848693676695756
16.83944348506247
16.835919538927346
16.839098767143664
16.834988420360947
16.836297589111723
16.812780632910748
16.82646922026902
16.82531514112564
16.819323998581346
16.82764168213853
16.84799436838107
16.820212732852564
16.823740120074977
16.81349389225486
16.8141399068198
16.815680917548715
16.81844083439563
16.82413350385324
16.81561665409658
16.818232612773407
16.804645145464434
16.811387189774376
16.812139271318276
16.79946186517693
16.796375425905964
16.80788714230638
16.796613706681924
16.79333388764724
16.78764778385951
16.787858098764616
16.801483383825044
16.79869565426432
16.788325850237076
16.805381667087065
16.781319535375317
16.78692876681242
16.787547787780376
16.788626886684174
16.770124140965617
16.773157494202533
16.748316089763968
16.76298439975192
16.773908908734185
16.7538311134047
16.76126514448275
16.747296122920876
16.759803252300465
16.746169107034017
16.756258277766385
16.750356605424813
16.754444549064143
16.745190316357004
16.740238116926864
16.75373686308641
16.74204914205898
16.74567775318353
16.748113741906348
16.746599245394517
16.73812159612906
16.738365775876037
16.73021753333456
16.749557026415026
16.727869116160537
16.722308080611885
16.73358462300046
16.736557107528785
16.731978501724576
16.735191205074653
16.725522872683356
16.739388141775432
16.742558878924438
16.72307997881603
16.727283430520668
16.72318819036993
16.724943935131666
16.728255986502717
16.735737251616523
16.723910554439566
16.72000609700459
16.721503728958616
16.717879575468064
16.718346303946067
16.710439773733086
16.709621303071653
16.711108141509968
16.71717676702923
16.714976056584707
16.723303532293702
16.70709555767282
16.696570188350123
16.68247281790795
16.694173414445864
16.6888811697197
16.69652615117861
16.688712056955314
16.699132235430024
16.68734451983203
16.68370045200333
16.695585584889937
16.70217954846159
16.692883886307783
16.702498945957117
16.692713548339395
16.68549780711618
16.693576517612605
16.693531114500953
16.688308038362873
16.701368146716426
16.687902061223678
16.699556246083823
16.69001803764153
16.700759769538745
16.703532561973876
16.680919002978953
16.680161966878043
16.68703162021935
16.684337341207183
16.6819733653282
16.68182072596235
16.652524462140722
16.663970012956753
16.678045163650513
16.670370607648742
16.664120058235746
16.653790163030262
16.651753485590376
16.653506321670044
16.6496249828657
16.662134285614908
16.66465303803795
16.646002882149517
16.64895845713274
16.656540122033242
16.655210747828015
16.637352409503112
16.638767368057977
16.646526263804237
16.644140696623953
16.63438661582623
16.635836440460835
16.637128841290462
16.62169284197151
16.63351560114647
16.620966821028784
16.625887585611814
16.63600492446477
16.618509821579405
16.633415940924692
16.616793680840562
16.623107796722415
16.60267755101749
16.60970146425341
16.617957866677827
16.618078554426866
16.61006236093291
16.60944299956149
16.62399941759857
16.605417959481464
16.610999433409667
16.61282938652284
16.606750368232063
16.609964316377994
16.598426692881702
16.60001639951628
16.604711544356196
16.59865624280866
16.604271115529176
16.60673880785159
16.591192407310068
16.593445134347558
16.600402185903274
16.598294135714536
16.60006238303963
16.600744995169073
16.592980683128854
16.595996548745923
16.58099650335928
16.605654432504913
16.577585358774552
16.584142383574264
16.57195318155392
16.574189718198852
16.580756797408462
16.597096962820732
16.58010560137194
16.584746261949835
16.597089243092167
16.587026285962246
16.580316301070397
16.58029938702432
16.58899457042461
16.576180093846368
16.572781520642287
16.577380773561906
16.574840510756975
16.573493407449586
16.5616379679324
16.55868857727073
16.56386494536087
16.57140557092277
16.554247451416646
16.554199453555455
16.55372566544975
16.566478254621135
16.56041764458222
16.554726495867147
16.554514051096042
16.550661837950763
16.554766859846513
16.53977161428652
16.542708979379817
16.546719516258346
16.538506234885137
16.54251822254087
16.54836411610345
16.54046676914629
16.542792655724575
16.540194557131386
16.530806772821954
16.546877909573166
16.522050981465675
16.52280628091459
16.531267275366513
16.531201377559082
16.525750516564724
16.537861614756515
16.519552635968562
16.510408766512224
16.510797280708747
16.501025944467596
16.50540087825369
16.50967186877107
16.50469769604782
16.511440503076994
16.49675199483824
16.49025717315949
16.496462424848627
16.49914167980022
16.49359046666063
16.481880032667966
16.481863350161618
16.486584632610995
16.463669764000098
16.469986724961842
16.478717530041116
16.472226501280268
16.483474264455232
16.46213965260736
16.478298402304304
16.46643735459179
16.454369644986595
16.45766263973987
16.454848670807365
16.44518107530069
16.44491666301158
16.44399703526818
16.435494123058394
16.428398104779035
16.427097666070562
16.428560242507146
16.4288925156174
16.434517323450084
16.41248140175991
16.414456123624632
16.410324889588573
16.414817353997364
16.397978508416834
16.40826928935202
16.395853995289347
16.39746410427767
16.406342296053637
16.40825314553157
16.39095950478849
16.396794514672614
16.388276624201282
16.39878484711009
16.39662997964003
16.385253916258193
16.38511658080273
16.38289025812319
16.367267824465603
16.382194120308323
16.356288589449363
16.362334031430866
16.353069028239535
16.36483117298663
16.34669165125467
16.346860172335937
16.348343345529663
16.333536110431066
16.340820833559604
16.328849338467766
16.32846597555602
16.313597477731538
16.309095140998107
16.31918531496092
16.314401411990367
16.308896520349077
16.303200979193758
16.308424888083604
16.296676836967357
16.301776734859114
16.300266508793563
16.284997462617653
16.288068360884946
16.28121278695488
16.275742588752788
16.274078788565983
16.275289076763556
16.269224122209767
16.276716111206806
16.266418620943536
16.272606522421185
16.257841724700334
16.270020271047198
16.25309142617659
16.24256723614531
16.23519937588823
16.25981407201188
16.235133450748112
16.244439238941634
16.235984198999258
16.241600755129827
16.24544901391937
16.24093347325863
16.240700250069004
16.228730920665463
16.22204894565888
16.21398029689216
16.218255061598224
16.197279365401027
16.221914095432666
16.206425930750964
16.20311273865484
16.194543563342247
16.19074559294561
16.199420425331834
16.182855013613935
16.179488567367095
16.173998358431724
16.1770369445026
16.166222938657498
16.17500215748877
16.16587721635999
16.184418041232743
16.163874937862595
