20.406309598260407
20.347945391816264
20.326116975942725
20.26398249808109
20.20354917765247
20.131797391422445
20.076431202660327
19.99324319664723
19.933721712861896
19.8575370677914
19.780443066695074
19.70245103013134
19.623484804862073
19.5443932941974
19.45449901116597
19.373767940350263
19.278639430965697
19.196849418754514
19.091896253352516
18.997055470657912
18.90702522114032
18.800634742133244
18.708222291665066
18.617153494299693
18.51648511458801
18.42554966018788
18.327505514102505
18.235996990197997
18.13591665489042
18.053011787424854
17.96406119280068
17.863384316957866
17.792091362226767
17.697630810911797
17.628021563771288
17.536015577605372
17.474869015772246
17.393849392597676
17.350748659546234
17.305634196531763
17.25980697015844
17.207715542883637
17.179333321249615
17.14290898267546
17.109851187153055
17.09711756430094
17.06530824922574
17.05303172150461
17.02853507323246
17.00730214471814
16.99709231315805
16.984805774034687
16.970380891384746
16.96405675774958
16.94818831335933
16.939644895665904
16.91957307832714
16.922214047135054
16.909775505400525
16.90968926811179
16.8901966445999
16.8905790171204
16.87342100185588
16.881828702836447
16.864437856762915
16.869643566586426
16.854688549271525
16.859021517201967
16.847860232818146
16.851237527236922
16.840690091116855
16.844089014425574
16.836820531691853
16.84087222007503
16.832938167923558
16.835437313914134
16.830897546529933
16.828832249090503
16.82658212552255
16.826277031554522
16.823386126821323
16.822711108668514
16.82041169103233
16.81901625309435
16.816803694106643
16.814670292101987
16.812196818453653
16.811266948993957
16.809266098131953
16.807538264772532
16.807211971811494
16.805821002994726
16.80348906061401
16.80175923284855
16.801807858192632
16.797720981109574
16.79947254196324
16.79554622893174
16.797202434331105
16.79390545897346
16.794573476912472
16.79214046237746
16.791791091307054
16.7902425653377
16.789408193929273
16.789129560447606
16.788669625901054
16.788226552817473
16.786421725542777
16.786072178997067
16.783790799155327
16.783428112072162
16.78248569240012
16.78111684715397
16.77913526439741
16.779247163615512
16.777015448578336
16.777190873523047
16.775070657032924
16.775067346338606
16.772304721040854
16.77300275921314
16.770480951510365
16.771087743286333
16.769283240664244
16.769568838965043
16.768453664756944
16.76892540999274
16.76778929148361
16.768829093249515
16.767096562035594
16.766934374957795
16.76690079410207
16.766509694505327
16.766027231023294
16.766129026830647
16.765542947768736
16.765412411477968
16.76466749058021
16.764448114142642
16.764229638986528
16.76374861153946
16.76379138497784
16.762956012410058
16.76388038067709
16.76238380574982
16.762931731491374
16.762432734677905
16.763558114511522
16.76201873688911
16.763201051389515
16.76110483533302
16.76306390564073
16.760355545598983
16.762801386695056
16.759820355647133
16.76210249529652
16.759389257607268
16.7615211608075
16.759171543488172
16.76087176529422
16.758909179420158
16.760616276701434
16.759047509821205
16.75950215981955
16.758575938918664
16.759110060664703
16.75854736750928
16.75896126669762
16.758523092466607
16.757931773078617
16.75790220757435
16.75793071492975
16.75731454901542
16.757217482394427
16.757118882091678
16.75732991864378
16.756587220459043
16.75626015239373
16.756351752585743
16.756249277355998
16.756399631628433
16.755652268967474
16.756019116147524
16.75499268775113
16.756394858261203
16.75475098872339
16.756263602300386
16.75462469933065
16.756431793999653
16.754788781837146
16.756534484163097
16.75440013387413
16.755472862454127
16.754237888616608
16.755174378469622
16.75350591028567
16.75520200891059
16.753214465833125
16.754257399195055
16.752997560818976
16.752827951211316
16.752914869869112
16.75262249207846
16.75260056282327
16.75198816262339
16.752229900161073
16.752341461538894
16.752007203225713
16.75238337952247
16.75144137387965
16.75166484473774
16.751251136566264
16.75124901367778
16.751436653766955
16.751114623690395
16.75153357016218
16.750479859581507
16.75120255995632
16.75035862678248
16.751339313752464
16.75056862225513
16.75126907710172
16.750530180888013
16.75163039123464
16.750420432741347
16.751158781763706
16.749930981862438
16.751978007257687
16.749730147457043
16.75092709793368
16.7500889210877
16.75054567501985
16.75016997817143
16.75045917347661
16.75019439424256
16.749837725228918
16.75001394687603
16.750164717998306
16.74999416576906
16.749779378678703
16.749855812118795
16.74980385239207
16.749981031043426
16.74903660454858
16.7498703660196
16.749143161675043
16.75002520592783
16.748929049747105
16.749725139956677
16.748855216420147
16.74998064164986
16.74895247133595
16.750095624261515
16.748987431358366
16.749907555301313
16.748860844420992
16.750573635449566
16.74895551301189
16.75005564184167
16.74836833015042
16.750295379870668
16.74889251114679
16.74938491365769
16.74887233258897
16.749327815371586
16.74863191269144
16.74905526477591
16.74860287666234
16.748641751571984
16.748382868081258
16.748441617360694
16.747898903193104
16.747942363699064
16.747586987979943
16.747177504721733
16.747477439639287
16.746894154739415
16.747039411511523
16.74653509903817
16.747101369425785
16.746365372633978
16.747409533589675
16.746397808032317
16.747503245275386
16.746140936782787
16.74803525983884
16.746370212379887
16.74765236863595
16.74609507989023
16.74843523686051
16.745633716317545
16.747452221110564
16.745753263036075
16.747326546974715
16.745753422124917
16.746579081050335
16.745307525346654
16.745851401525
16.745420264605368
16.74563352342616
16.745378652521236
16.74561478657013
16.745211202612516
16.745272248115132
16.74509888300503
16.74477083120479
16.745082009927316
16.74485767094572
16.74486116224871
16.744012745370423
16.744743454096554
16.743666232661926
16.74472004437799
16.743721712911537
16.7451281162914
16.74380490826614
16.74502642852648
16.743782718816455
16.745351957999784
16.74340278405407
16.74500353763371
16.74306591483732
16.74582180673783
16.743227172146593
16.7449015335737
16.743282222102586
16.74446288298629
16.7430550671992
16.743710016366887
16.74315819102792
16.74301413115507
16.742917668233837
16.74313827877598
16.742920543798974
16.74280072929881
16.74259885210996
16.74272488345553
16.742711169724373
16.742667841982353
16.742667818172915
16.742360930928317
16.742682681624732
16.742108478097716
16.74277186877038
16.742186426097593
16.742908672897514
16.742273713116074
16.743024396676645
16.742001796174122
16.74286527662927
16.74180124199355
16.743289005050084
16.741860064191417
16.74267076909414
16.74185991541935
16.742713551673347
16.741636606701537
16.742431217254296
16.741551084322047
16.742054392199147
16.7413972866635
16.741538006676997
16.741355485900456
16.74130700545171
16.741224180008935
16.741146093486538
16.741452178725954
16.74117677757163
16.741203435549238
16.741177554344997
16.741124043746133
16.740758844555074
16.74110758914587
16.740555101553205
16.741245636885814
16.740628943859313
16.741270295736406
16.74048033837559
16.741522348769205
16.740470700281435
16.741568289556813
16.740184786362814
16.741548585200963
16.74023426878329
16.741884846035806
16.740582634823284
16.741081003056635
16.740416660131135
16.74071748788788
16.7403661705056
16.74055711668507
16.74020705141439
16.74009740729981
16.740060803499787
16.739731081018537
16.739807499411256
16.739709984026018
16.73996095215898
16.739970087695063
16.739802904585897
16.74015389632378
16.73975510846973
16.740228645538924
16.739845942016725
16.73992313208456
16.73982856585666
16.739835530662326
16.739972130831287
16.739727594824394
16.740283907923292
16.739616073052396
16.74007501098794
16.739371185671054
16.740317204495295
16.739504019725285
16.740350666384224
16.73969985086759
16.74041128363722
16.73964265094988
16.739938182327638
16.739354897608735
16.739648077149155
16.739072528172937
16.739056607146242
16.73895938947022
16.738834816565465
16.73883068929598
16.738776559953916
16.73851355474327
16.739248328791387
16.7385380115206
16.73916009083154
16.73830906281488
16.739080443494565
16.738402783615854
16.738757328651584
16.73848598036795
16.738682827356772
16.738675394082215
16.738587465244812
16.738775489627706
16.73856137303235
16.73891056219747
16.738315514355868
16.73888854526954
16.738052763896384
16.739086955942632
16.738166550887314
16.73865455860756
16.738147838399613
16.73854492897859
16.737978060303966
16.738061437529264
16.737811841529123
16.73779260938967
16.737522650471394
16.737573587198728
16.737489972867525
16.737373401958862
16.73744152887172
16.738044770933804
16.737519902261713
16.738092331677137
16.737531766096502
16.738207450811238
16.737542115264297
16.738091067303714
16.73774508137457
16.737876757517725
16.737685746169742
16.73781698991038
16.73800139250464
16.73767810418529
16.737942364048376
16.737459929232248
16.73803858616474
16.73729242578189
16.737996753477667
16.737558586238105
16.738489480535126
16.737512975818113
16.73793596408628
16.73742832172658
16.737732437452554
16.73712277114699
16.737014751631154
16.737029143905236
16.736900830032617
16.736675451765144
16.736643063706776
16.736598546972246
16.737434424352642
16.736596353848483
16.73746554724794
16.736466614176244
16.73731114523634
16.73640143192944
16.73727756197247
16.73644230056671
