20.41913714662131
20.416514296906634
20.421034369641326
20.407989557905996
20.40770303896932
20.393426470997987
20.401309901554697
20.371382971706158
20.382190149675395
20.36335930968753
20.366967206348747
20.356413360570414
20.353435470586284
20.331621905972536
20.350469721296268
20.30896649990679
20.321153569389026
20.293092782334334
20.302956021349168
20.29058116216358
20.285678337373152
20.273433881795587
20.266153571287795
20.261867923626966
20.256059946575732
20.238605525712096
20.236999602401266
20.23143677843102
20.211127614817656
20.215888888886234
20.201741119931302
20.192135594263714
20.18034388416187
20.183643248052853
20.1513675060295
20.164109352575018
20.13755107597106
20.141770870473866
20.124560112393617
20.114601349665513
20.09624562454312
20.10189985964001
20.07479700235308
20.077836004953294
20.049459797346067
20.056753957439717
20.03733247722926
20.02382033363281
20.012288411379426
20.01138935220242
20.000969674894158
19.980667921546754
19.984469371944158
19.9645333446405
19.966242185199928
19.936483276084083
19.943724034974554
19.918510778946946
19.916753446296077
19.895917521163263
19.889381830591507
19.88041067568736
19.86351777513266
19.85805571580458
19.846887746826383
19.832631416483785
19.8275116902231
19.813988804449945
19.80385120082155
19.786040338744538
19.76961127592269
19.759151435868954
19.74615521317923
19.742040460694273
19.732735495484608
19.711157477725056
19.69686692745439
19.683642585362172
19.680526836632584
19.660921414708508
19.64557402095899
19.644621696033077
19.62055760214916
19.60833291237167
19.593887366798278
19.58358781195537
19.567830173527916
19.54776993638314
19.53874146306374
19.519455922611236
19.51166876564567
19.49781225432263
19.481553764498127
19.472007098591046
19.461459233550666
19.445532917793475
19.430370988870465
19.414186571513405
19.406495798632044
19.390545112463887
19.371952147164148
19.365432738365843
19.341844384588054
19.339910316234615
19.30664783808452
19.305500904872947
19.284671560441424
19.282236349912903
19.25311994842717
19.24669674705592
19.216945538150163
19.205016421978133
19.18751849514344
19.16622762331968
19.164859115530426
19.139189653163715
19.13389767014048
19.10180514091423
19.113498794922
19.07123913220552
19.06030850547505
19.04346362693133
19.033670410361548
19.024528673267625
19.009524340640475
18.9855631295616
18.982136403008955
18.949278464145095
18.929422872209486
18.916235237403768
18.91014736205965
18.879131883130867
18.8668978275566
18.84854720882859
18.834502675660136
18.811391855712934
18.798901084057604
18.77203391789454
18.76048899551741
18.756100639510894
18.748215905212646
18.721871432346944
18.711087749232465
18.678568112035528
18.667210500108176
18.656332172627224
18.652476908215696
18.641866323952033
18.614229345130713
18.602781003852254
18.579378351211332
18.558414880326904
18.544014663032556
18.527771780687704
18.501152458112898
18.489163749250793
18.485360816004658
18.464680392401082
18.436475305980274
18.42529802769653
18.398980390474243
18.379980408886123
18.362866866996566
18.354292047684936
18.34883231262313
18.328327457223477
18.321691926638216
18.29507596243262
18.279188914129183
18.269035289241124
18.25664912794462
18.220825501571742
18.217593149504733
18.1897381371557
18.198016162304626
18.15527715454181
18.16700131582193
18.128562758267655
18.122808236717436
18.099570649399492
18.07762294757766
18.077484634742035
18.0442161630067
18.027250976911535
18.025121182665895
17.99943350296801
17.99379212823778
17.959827383500034
17.95675978600194
17.9407977613513
17.924884582240164
17.89562350372622
17.89525801715546
17.877141079499385
17.852519601665872
17.837821960955957
17.82452775485765
17.803213298419127
17.785927746811936
17.77351674129143
17.750887371141417
17.75301012214299
17.73221330246096
17.72430615649204
17.715347109826475
17.66867598898344
17.679665361668278
17.653005219320747
17.642422725679545
17.637722093679617
17.615694114334413
17.605500694178776
17.583706704677688
17.55605926946318
17.556657832820758
17.53297114853846
17.551664411697736
17.515990221602188
17.510700646769266
17.474094207718046
17.48997936634006
17.452878776720073
17.451827796750212
17.450776040414468
17.423503742519202
17.41783142080901
17.37985957792603
17.390887340620594
17.370973697149516
17.360779100492756
17.350259450862477
17.325998992026854
17.31670719901601
17.2948411517923
17.28863279034845
17.26229707899512
17.26888753895706
17.255581012754373
17.248604474109598
17.231768314172186
17.21477966123754
17.21516224683904
17.197836093733674
17.186176924294113
17.16958690939163
17.16241115974801
17.139320251702486
17.137454747496264
17.112194963928076
17.10225075547463
17.08752931076993
17.085623919867835
17.071153611287457
17.054258311856216
17.056339916126927
17.04206078632969
17.014856403364416
17.00973237685569
16.998146031341786
17.004527922688155
16.986102185888317
16.968854723865725
16.96888745856431
16.93908946134027
16.939882329278188
16.93153342162624
16.927878399834654
16.929071944146948
16.89706442555759
16.890576736968594
16.896442390841244
16.85746192097942
16.883734298918284
16.84932590315414
16.85102185345277
16.835416193592007
16.837987035206773
16.822583076338855
16.824399041176754
16.811946863075423
16.809622575929207
16.78526215538761
16.784825319556674
16.76976367150704
16.767728445880834
16.74088186310444
16.748158284854533
16.716065611662597
16.7401701272433
16.705204105861032
16.717352875175013
16.680755168331682
16.688688135196386
16.67340552822915
16.665824971588368
16.63481854970618
16.664663061138185
16.63293687055346
16.61480242411713
16.62042926911652
16.603975533886373
16.612473074186298
16.579486004467284
16.581728083461673
16.570877233550426
16.577049200587403
16.558854492972774
16.55069167211006
16.550069266364417
16.528892743714078
16.531847682585855
16.51659706009822
16.514335869675655
16.511454599638746
16.498685807400072
16.48514171937821
16.48334479405588
16.455905698446813
16.46459722424056
16.442791858147952
16.4633269358406
16.44536163388948
16.427238842143645
16.419195180644113
16.417339683495417
16.413830798296416
16.4126065895525
16.391174241806596
16.384997161940717
16.37417796869676
16.377727201703976
16.352841058410267
16.362144607823765
16.347823042403583
16.337644044217043
16.331035303379487
16.31365499455179
16.313970193638287
16.306313434479186
16.306167280542567
16.278904198528103
16.289628934278042
16.263014593110725
16.27827450228653
16.246880011143816
16.248981559123273
16.241557728531035
16.24811063538139
16.2143704238743
16.215591944740357
16.200061774753152
16.204475479109092
16.197527129294766
16.207373690424927
16.180037612388272
16.163802343703782
16.15760113088571
16.16184483082228
16.144970025201157
16.153700866381364
16.141184851029607
16.148639173760856
16.12380843153942
16.124596450824757
16.09542031812376
16.111401200694164
16.096833630100647
16.102232058588477
16.05369052270309
16.089351132182347
16.039702488646363
16.05895612080877
16.033823000884496
16.05328911666024
16.036605379877198
16.03894003388796
16.027556218703
16.040277963502177
16.00445189721956
16.009744523461176
16.006379426525502
16.013479322853662
15.982764458813106
15.990967653684168
15.969582011396273
15.970149359687532
15.960680469283215
15.94614644447768
15.950104162263795
15.944749778696558
15.929888198866042
15.931109316665985
15.930057417509696
15.928101348126358
15.91748527681754
15.90838843791586
15.897270585095418
15.892077525936394
15.888961225239655
15.878607530044523
15.876106640182396
15.868881394025196
15.857739885552583
15.832301535345174
15.849995809473938
15.811438049243467
15.826228240599395
15.796878848350943
15.808843445166866
15.789142845714524
15.783610628961883
15.773759837063405
15.779934970388215
15.767083019495892
15.75709151102455
15.752145803269787
15.740742897622665
15.730068671887102
15.729842145529625
15.707978849197389
15.710555468104724
15.701620578325679
15.700503681897803
15.687448977199391
15.67960879856554
15.676034256590473
15.674230427201048
15.645874278330282
15.647518383542566
15.626883658096775
15.625372149799523
15.610840216190654
15.61500059331563
15.602724179937733
15.612638022281843
15.586357341727377
15.593314793345659
15.572607033931712
15.572069016474934
15.544358840179813
15.549858299441647
15.531799127925789
15.525821505749763
15.51957851339223
15.511209717449754
15.510039193912531
15.495564469038916
15.488987386564009
15.492635999331224
15.487435149272352
15.498678011828073
15.459552765970363
15.469584125369364
15.454340268741712
15.432375558672106
15.441805797197658
15.428208782988683
15.419644385575651
15.409675803107884
15.405225889898853
15.396357044244875
15.382905170479106
15.383513201902613
15.3647877928333
15.353035238841926
15.355938612239697
15.350516204226992
15.331552861363857
15.346352330765717
15.311939413696907
15.318105794708808
15.289173578274498
15.30401950114966
15.284291198252351
15.28594156294697
15.283272653573515
15.272861069828702
15.242047802914525
15.247406205633084
15.228652077677536
15.23636817410355
15.216046563247117
15.214611771192894
15.200954988429398
15.199820436362947
15.186409999939118
15.188509489866169
15.167228914501866
15.16909695551845
15.15568004090557
15.168227351964655
15.154398540166016
15.148935721870183
15.129796749322814
15.12558661550091
15.126817136629118
15.107970836853609
15.092168219663984
15.089325466896845
15.081543275508539
