20.390323042121114
20.337553827804623
20.303863106937925
20.245416111821076
20.198336785026058
20.127478853879612
20.079956550400908
20.00198030298664
19.9480977518675
19.86191243214663
19.795417465370164
19.721617013918795
19.637540990812035
19.558350641430696
19.477290877969967
19.39203652357322
19.312250837279795
19.227718996913595
19.13113029511279
19.04303006584562
18.95792398682255
18.863616548920966
18.763810426756343
18.672348353606278
18.570443375541664
18.472289459880933
18.383120960954212
18.28698193749852
18.196765357897206
18.1129173702633
18.03242660500441
17.954947999676214
17.887633931897
17.800169974415624
17.74585044402011
17.674223535021635
17.615155441115338
17.570538217607854
17.50850802724573
17.48293222570246
17.44366374071634
17.41231292749806
17.370005936336476
17.337732169312332
17.31024359924784
17.284692677288344
17.26203564144721
17.266281949925514
17.23966506540064
17.219217798488295
17.211269463564253
17.211381533226998
17.190089054955166
17.179331416181256
17.179610597772395
17.17706760334051
17.167355710075057
17.177046411364632
17.15805352560958
17.158817541041543
17.147535374045482
17.152304326874685
17.154185010972014
17.142931078150408
17.135764594502433
17.13989068190159
17.126196475843866
17.132819740116624
17.1249015091889
17.12164863415789
17.131903857232818
17.110469556830438
17.131246217001085
17.123718766689155
17.117528199902658
17.11421788103702
17.106861194490993
17.102234360200498
17.09576202636214
17.104452757015533
17.099067531319122
17.097221248128125
17.097883279511063
17.09236580954253
17.095942452537038
17.085706829674304
17.087912237064536
17.086385886846383
17.085945316173788
17.089500834357022
17.085836516968023
17.081176707421257
17.089716643625255
17.077180911207385
17.08990142516466
17.069124369431087
17.082767180812734
17.076170917755114
17.082152823553443
17.081406549420063
17.080780627288544
17.065454599056444
17.08117983346629
17.06708354138608
17.07461002654139
17.060097349646245
17.079314517302517
17.063063376194446
17.083892327851224
17.05623609204953
17.07598109010598
17.06318036075206
17.079020881968336
17.068010227540373
17.06741513182058
17.066601778254206
17.066310022055557
17.065891048042904
17.07045939045537
17.065498119302635
17.06808565200203
17.05942801392588
17.081957279450137
17.054621942710867
17.081049500201406
17.055768883783976
17.07769336413917
17.046703774207224
17.07680213420645
17.0676201008398
17.06842736257312
17.070272680910207
17.06298343703381
17.07091103094636
17.06561748175411
17.063437157585383
17.076456501425398
17.059523841317706
17.08583448996608
17.063108559389253
17.082364628888616
17.071582221975774
17.08874281063079
17.072515909090157
17.073790541857733
17.073417507890927
17.086844636107042
17.06296120948605
17.092125800007118
17.070149823190015
17.095840009030468
17.072483581189026
17.09164276473795
17.07921887941966
17.096881599751292
17.07654381771973
17.09649289809459
17.066620866820905
17.086505687525637
17.064473687596585
17.090863821864737
17.060684339653168
17.089272498118984
17.073112578123336
17.10290382313653
17.064309053154787
17.101101523485976
17.06330786465995
17.105765254013328
17.06830171921088
17.095046832216354
17.06852170412271
17.0986093650264
17.069722728949984
17.090257480499098
17.073132017198642
17.08929656704144
17.080845878698373
17.091965039011395
17.07911425678576
17.095448969801872
17.077398603453513
17.095077720645293
17.06010164171531
17.093756515458576
17.07050091242703
17.094759634777027
17.072703804256843
17.090809992878786
17.06972970303493
17.093829309290157
17.0763914024096
17.095839772318378
17.075687994760564
17.093538675515067
17.076418235981098
17.09601434222481
17.081318190608535
17.09445569584375
17.07905340551639
17.098493258876303
17.07834431395771
17.096958503659703
17.077376787173332
17.10173477703598
17.079888209148795
17.099676612195925
17.076774561650343
17.09810824271553
17.071328893872412
17.101420605428448
17.076401271898114
17.09964858511786
17.076173506151488
17.097661812484336
17.084275738561736
17.09685767421397
17.083270835563496
17.092630421157878
17.081948017403725
17.092874040529832
17.082140037362198
17.10383704648136
17.08000734662508
17.09741236435426
17.076000514925546
17.107819846785983
17.07523790063391
17.09276315014875
17.083047523601707
17.09706771460769
17.080177605954965
17.097002549202394
17.076987737807258
17.09399816572662
17.075946666229175
17.09459362728079
17.07194242294956
17.093159041474074
17.074129882177008
17.099049462959673
17.07183785103085
17.094653678158306
17.081734600983232
17.090917479187087
17.077349943527977
17.088037621034132
17.082572932102217
17.096722232453025
17.0802109956108
17.10672130154206
17.08099186952287
17.095131280544155
17.082755755466227
17.08889677830207
17.077851860552844
17.09075666317191
17.073214021313714
17.099465324102436
17.072295083635243
17.08984253720182
17.07124935901197
17.09551854070796
17.068143120336895
17.096556518588127
17.070886792022726
17.10141661910198
17.072410782744058
17.09991275724898
17.077164475410196
17.09601382129593
17.07428373929198
17.101050881925353
17.075571913981275
17.09661727452324
17.071837698236727
17.09443537920185
17.082972463705687
17.095488528057857
17.084882925858086
17.09148329128148
17.082675530943458
17.0951583735906
17.08014098498281
17.102164506149762
17.086817306189683
17.101426225714473
17.088147185113762
17.099026697224474
17.087804480042095
17.088726066817618
17.082240954997353
17.09619123662885
17.083381829299025
17.092563269642927
17.0854649671786
17.091083271716485
17.082826874302988
17.092525677399557
17.08488882539038
17.096066757836844
17.082788763333085
17.09479197054136
17.080343357057536
17.09709785912433
17.079711283730774
17.102226551922623
17.082189391441887
17.09522985743828
17.085291762302976
17.094019016678306
17.092229346858527
17.095357887291467
17.091784163814157
17.1006576191518
17.089674522978623
17.099082076242276
17.086843055019852
17.103219276377448
17.084906270413832
17.105277606208222
17.08533982514806
17.100693505703973
17.085991589412814
17.097805143518222
17.088707237899865
17.09590449443082
17.08621875745549
17.09861968594718
17.088006344365258
17.100940680644012
17.086476740472992
17.102551626645695
17.082597561173735
17.106829948175424
17.082139067097746
17.099191666693606
17.083847266321143
17.09359502832585
17.090217805294387
17.099811539171895
17.087636282671273
17.103182720503604
17.082298702304147
17.102342732923763
17.083501872643907
17.102351019254737
17.08417948170704
17.099488945147314
17.0790392861069
17.098376090574583
17.079670987558885
17.099992907320697
17.08369896624956
17.102383074179546
17.084923131847063
17.097852946910184
17.083752598357812
17.101082633914988
17.079486730586346
17.110493224378978
17.08198813021028
17.105115456622993
17.081618933052926
17.106274802696955
17.082589064749946
17.100220303524388
17.079920188091712
17.101419397986874
17.078372355962408
17.102731007172643
17.083491026236615
17.10065578521647
17.077782378389017
17.10462602411727
17.08057990906341
17.101092207615853
17.08226594391955
17.09423394905913
17.08590584790103
17.101247497566412
17.08444856960777
17.10223455550887
17.0864477052437
17.10266241913047
17.086806428559463
17.098542832450182
17.08251267083875
17.098578007757183
17.083177126384843
17.098774355869825
17.076742017717656
17.10995449592927
17.081367381926285
17.099910048971335
17.081491838396836
17.101443338758074
17.07937887959913
17.10086245063821
17.077780303461648
17.104038855358947
17.08100107046538
17.100578054014402
17.083693363127534
17.101443211830144
17.080017935847664
17.0990203602426
17.07849911809516
17.100749486127327
17.08167111408377
17.099952252349507
17.083353650131187
17.098734793213296
17.087899695102266
17.09841402854951
17.083495140528324
17.097835501427454
17.0845246387767
17.093722281719288
17.08490474378944
17.092786420952905
17.082395434289086
17.09438895107757
17.082794669817623
17.094855746161322
17.080010540209244
17.098359709018762
17.084520584247574
17.098795260203687
17.083070816360358
17.099599090718954
17.081364423122384
17.099620354428247
17.078996142932162
17.099884727506907
17.08205613661558
17.097949329742764
17.081561994607014
17.098512965640822
17.081950057796973
17.099307763696725
17.081705513066577
17.095021691962447
17.081519902011426
17.09721837399953
17.081284632905728
17.096987755034714
17.081301560474056
17.097219698707747
17.08091845511599
17.097145155171287
17.080834933113337
17.09816239577204
17.076748754482576
17.09587711131544
17.073515948454485
17.10202004995504
17.078890221497332
17.099890880149204
17.078600453035754
17.09463322554707
17.08068595018561
17.098812596229006
17.078549835483468
17.098469513664963
17.07798928656121
17.101989190796147
17.07876047769278
17.10276235984501
17.0796177503125
17.10328893074816
17.079274677514288
17.102016583843504
17.075561706543635
17.10067171755923
17.08251741644125
17.096506942262707
17.08143749134494
17.095679306919926
17.077464878056485
17.096894713412155
17.0766405467242
17.095562515590466
17.077709441869224
17.09859659876247
17.08119763981785
17.101838500111317
17.081199553338568
17.10156860695307
17.078924676778154
17.101021672905556
17.08024712250204
17.101172055883353
17.082373543353548
17.099046211823243
17.086980911825663
17.09940016958967
17.084934067831643
17.099485626662076
17.082080741732398
