2973.563213835088
2972.3957148695777
2971.2332385801647
2970.075784747656
2968.923353163711
2967.7759436308343
2966.6335559623844
2965.496189982565
2964.3638455264354
2963.2365224399014
2962.1142205797164
2960.996939813489
2959.884680019672
2958.7774410875727
2957.6752229173444
2956.5780254199935
2955.4858485173727
2954.3986921421865
2953.316556237989
2952.2394407591855
2951.1673456710273
2950.100270949619
2949.0382165819137
2947.981182565714
2946.929168909672
2945.882175633291
2944.8402027669226
2943.8032503517697
2942.7713184398826
2941.7444070941638
2940.722516388364
2939.7056464070843
2938.6937972457768
2937.686969010739
2936.685161819125
2935.688375798932
2934.6966110890116
2933.7098678390626
2932.7281462096353
2931.7514463721272
2930.77976850879
2929.8131128127197
2928.851479487866
2927.8948687490274
2926.943280821852
2925.996715942837
2925.0551743593305
2924.11865632953
2923.187162122482
2922.260692018084
2921.339246307083
2920.4228252910757
2919.5114292825065
2918.6050586046726
2917.7037135917208
2916.8073945886454
2915.9161019512912
2915.0298360463544
2914.14859725138
2913.2723859547623
2912.401202555745
2911.5350474644233
2910.6739211017402
2909.817823899491
2908.9667563003177
2908.1207187577147
2907.279711736024
2906.443735710439
2905.612791167001
2904.786878602605
2903.965998524991
2903.1501514527517
2902.3393379153295
2901.533558453014
2900.732813616948
2899.9371039691214
2899.146430082375
2898.3607925404003
2897.5801919377377
2896.804628879776
2896.034103982757
2895.268617873767
2894.50817119075
2893.7527645824903
2893.0023987086306
2892.2570742396583
2891.5167918569123
2890.781552252579
2890.051356129698
2889.3262042021574
2888.6060971946945
2887.891035842896
2887.1810208931993
2886.4760531028924
2885.7761332401096
2885.0812620838396
2884.3914404239167
2883.706669061029
2883.026948806711
2882.3522804833483
2881.6826649241757
2881.0181029732794
2880.3585954855935
2879.704143326903
2879.054747373841
2878.4104085138943
2877.7711276453947
2877.1369056775256
2876.5077435303215
2875.883642134666
2875.264602432291
2874.6506253757802
2874.0417119285657
2873.437863064929
2872.8390797700035
2872.2453630397717
2871.6567138810633
2871.073133311561
2870.494622359795
2869.9211820651462
2869.352813477847
2868.789517658977
2868.2312956804662
2867.6781486250948
2867.130077586492
2866.587083669138
2866.0491679883626
2865.5163316703442
2864.9885758521114
2864.465901681544
2863.9483103173707
2863.435802929168
2862.9283806973654
2862.426044813239
2861.9287964789182
2861.436636907379
2860.949567322449
2860.467588958805
2859.9907030619747
2859.5189108883324
2859.0522137051053
2858.590612790369
2858.1341094330505
2857.682704932923
2857.2364006006146
2856.7951977575976
2856.359097736198
2855.9281018795914
2855.5022115418
2855.081428087699
2854.6657528930127
2854.2551873443144
2853.849732839028
2853.4493907854257
2853.0541626026297
2852.664049720615
2852.2790535802033
2851.899175633067
2851.5244173417263
2851.1547801795555
2848.5061892350054
2842.912207916859
2835.722922067678
2828.145373472986
2820.5890704229646
2813.05398716293
2805.5400979800365
2798.047377203293
2790.5757992035474
2783.125338393495
2775.6959692276782
2768.2876662024823
2760.90040385614
2753.534156768729
2746.1888995621725
2738.864606900238
2731.5612534885413
2724.278814074543
2717.0172634475457
2709.7765764387013
2702.5567279210063
2695.357692809304
2688.17944606028
2681.021962672467
2673.8852176862447
2666.7691861838375
2659.673843289313
2652.5991641685887
2645.5451240294224
2638.511698121423
2631.4988617360405
2624.5065902065726
2617.5348589081614
2610.583643257796
2603.6529187143096
2596.7426607783827
2589.852844992538
2582.9834469411485
2576.1344422504276
2569.305806588438
2562.4975156650876
2555.7095452321264
2548.9418710831546
2542.194469053615
2535.467315020797
2528.760384903835
2522.073654663709
2515.407100303244
2508.7606978671133
2502.134423441832
2495.5282531557623
2488.942163179113
2482.3761297239366
2475.8301290441323
2469.3041374354448
2462.798131235463
2456.3120868236238
2449.8459806212077
2443.39978909134
2436.9734887389945
2430.5670561109882
2424.1804677959835
2417.81370042449
2411.4667306688616
2405.139535243297
2398.832090903844
2392.5443744483896
2386.276362716674
2380.028032590276
2373.799360992625
2367.5903248889927
2361.400901286498
2355.2310672341046
2349.0807998226223
2342.9500761847053
2336.8388734948558
2330.7471689694185
2324.674939866585
2318.6221634863937
2312.5888171707256
2306.5748783033105
2300.5803243097207
2294.605132657375
2288.6492808555413
2282.712746455327
2276.7955070496887
2270.8975402734277
2265.0188238031906
2259.159335357472
2253.3190526966077
2247.497953622782
2241.696015980022
2235.9132176542053
2230.1495365730507
2224.4049507061236
2218.6794380648353
2212.9729767024423
2207.2855447140473
2201.6171202365977
2195.967681448887
2190.3372065715535
2184.725673867082
2179.1330616398027
2173.559348235891
2168.004512043367
2162.468531492097
2156.9513850537937
2151.453051242015
2145.9735086121636
2140.512735761488
2135.070711329082
2129.6474139958855
2124.2428224846835
2118.856915560107
2113.4896720286324
2108.141070738581
2102.8110905801204
2097.499710485264
2092.2069094278686
2086.9326664236396
2081.676960530126
2076.4397708467222
2071.221076514669
2066.020856717052
2060.839090678804
2055.6757576667014
2050.5308369893664
2045.404307997268
2040.2961500827187
2035.206342679879
2030.1348652647525
2025.0816973551896
2020.0468185108869
2015.0302083333852
2010.031846466071
2005.0517125941778
2000.0897864447825
1995.1460477868084
1990.2204764310254
1985.3130522300473
1980.4237550783348
1975.5525649121923
1970.699461709772
1965.8644254910705
1961.0474363179287
1956.2484742940364
1951.4675195649247
1946.7045523179738
1941.9595527824072
1937.2325012292945
1932.5233779715527
1927.8321633639403
1923.1588378030654
1918.5033817273793
1913.86577561718
1909.24599999461
1904.644035423658
1900.0598625101572
1895.4934619017888
1890.9448142880767
1886.4139004003916
1881.9007010119506
1877.4051969378145
1872.927369034891
1868.467198201933
1864.0246653795384
1859.599751550151
1855.1924377380606
1850.802705009401
1846.430534472154
1842.0759072761455
1837.7388046130459
1833.4192077163732
1829.1170978614894
1824.8324563656026
1820.5652645877674
1816.3155039288808
1812.0831558316893
1807.8682017807828
1803.6706233025966
1799.490401965412
1795.3275193793565
1791.181957196401
1787.0536971103654
1782.942720856911
1778.8490102135477
1774.77254699963
1770.7133130763586
1766.6712903467774
1762.6464607557782
1758.6388062900974
1754.6483089783173
1750.6749508908658
1746.718714140016
1742.7795808798858
1738.85753330644
1734.9525536574888
1731.064624212687
1727.1937272935347
1723.3398452633796
1719.502960527413
1715.683055532672
1711.8801127680401
1708.0941147642452
1704.3250440938616
1700.572883371309
1696.8376152528517
1693.1192224366011
1689.4176876625131
1685.7329937123893
1682.065123409877
1678.4140596204688
1674.779785251503
1671.1622832521634
1667.5615366134787
1663.9775283683248
1660.4102415914217
1656.8596593993348
1653.3257649504753
1649.8085414451018
1646.3079721253146
1642.8240402750635
1639.3567292201412
1635.906022328187
1632.4719030086858
1629.0543547129664
1625.6533609342061
1622.2689052074259
1618.9009711094918
1615.549542259116
1612.214602316857
1608.8961349851174
1605.594124008147
1602.3085531720394
1599.0394063047347
1595.7866672760183
1592.550319997522
1589.3303484227208
1586.1267365469378
1582.9394684073404
1579.7685280829412
1576.6138996945995
1573.4755674050195
1570.3535154187498
1567.247727982187
1564.1581893835714
1561.0848839529892
1558.0277960623716
1554.9869101254972
1551.9622105979872
1548.9536819773118
1545.961308802784
1542.9850756555632
1540.024967158655
1537.0809679769095
1534.1530628170224
1531.2412364275358
1528.3454735988369
1525.4657591631583
1522.602077994578
1519.7544150090189
1516.9227551642525
1514.107083459891
1511.3073849373966
1508.523644680074
1505.7558478130754
1503.003979503397
1500.2680249598814
1497.5479694332166
1494.8437982159364
1492.15549664242
1489.4830500888909
1486.8264439734203
1484.1856637559226
1481.5606949381604
1478.9515230637394
1476.3581337181122
1473.780512528576
1471.2186451642744
1468.6725173361972
1466.1421147971764
1463.6274233418944
1461.1284288068748
1458.6451170704893
1456.1774740529545
1453.7254857163318
1451.2891380645292
1448.868417143299
1446.4633090402408
1444.073799884798
1441.6998758482605
1439.3415231437634
1436.9987280262874
1434.671476792659
1432.3597557815492
1430.063551373476
1427.7828499908019
1425.5176380977355
1423.2679022003304
1421.033628846486
1418.8148046259475
1416.6114161703051
1414.4234501529954
1412.2508932892988
1410.0937323363435
1407.9519540931012
1405.8255454003909
1403.7144931408754
1401.6187842390646
1399.5384056613125
1397.47334441582
1395.423587552633
1393.389122163642
1391.3699353825841
1389.366014385042
1387.3773463884436
1385.4039186520624
1383.4457184770167
1381.5027332062716
1379.5749502246363
1377.6623569587682
1375.7649408771663
1373.882689490178
1372.0155903499958
1370.1636310506574
1368.3267992280457
1366.505082559889
1364.698468765762
1362.906945607085
1361.1305008871225
1359.3691224509857
1357.6227981856312
1355.8915160198605
1354.1752639243211
1352.474029911507
1350.7878020357548
1349.1165683932504
1347.460317122022
1345.8190364019458
1344.1927144547417
1342.581339543976
1340.9848999750604
1339.4033840952525
1337.8367802936546
1336.2850770012149
1334.7482626907279
1333.2263258768326
1331.7192551160133
1330.2270390066012
1328.7496661887717
1327.287125344547
1325.8394051977934
1324.4064945142236
1322.988382101396
1321.5850568087135
1320.196507527426
1318.8227231906276
1317.4636927732588
1316.1194052921055
1314.7898498057975
1313.475015414814
1312.1748912614753
1310.8894665299506
1309.618730446252
1308.3626722782394
1307.121281335617
1305.8945469699345
1304.6824585745876
1303.4850055848174
1302.3021774777098
1301.1339637721978
1299.9803540290586
1298.8413378509154
1297.716904882237
1296.6070448093374
1295.511747360376
1294.4310023053588
1293.3647994561359
1292.3131286664043
1291.2759798317054
1290.253342889427
1289.2452078188016
1288.2515646409079
1287.2724034186697
1286.3077142568566
1285.3574873020837
1284.4217127428115
1283.5003808093463
1282.5934817738391
1281.7010059502882
1280.822943694535
1279.9592854042685
1279.110021519023
1278.2751425201764
1277.4546389309548
1276.6485013164277
1275.8567202835109
1275.0792864809666
1274.3161905994016
1273.5674233712675
1272.8329755708633
1272.1128380143318
1271.4070015596628
1270.7154571066903
1270.0381955970947
1269.3752080144013
1268.7264853839818
1268.0920187730528
1267.4717992906765
1266.8658180877603
1266.2740663570578
1265.6965353331684
1265.1332162925355
1264.5841005534496
1264.049179476046
1263.5284444623055
1263.0218869560547
1262.529498442966
1262.0512704505566
1261.5871945481895
1261.1372623470731
1260.7014655002622
1260.279795702656
1259.872244691
1259.478804243885
1259.099466181747
1258.7342223668672
1258.3830647033744
1258.0459851372402
1257.7229756562838
1257.414028290169
1257.1191351104044
1256.8382882303458
1256.5714798051936
1256.318702031994
1256.079947149638
1255.8552074388635
1255.6444752222524
1255.447742864233
1255.2650027710797
1255.096247390911
1254.9414692136918
1254.8006607712323
1254.6738146371886
1254.5609234270619
1254.4619797981993
1254.376976449793
1254.305906122881
1254.2487616003464
1254.205535706919
1254.1762213091727
1254.1608113155276
1254.1592986762498
1254.1716763834497
1254.0936981898476
1254.024447138876
1253.9639249278116
1253.9121332825252
1253.8690739574827
1253.8347487357448
1253.8091594289665
1253.792307877397
1253.7841959498821
1253.78482554386
1254.7440870342714
1254.6203504460254
1253.6207755135088
1252.6289447250874
1251.6448546686286
1250.6685019511326
1249.6998831987344
1248.7389950567006
1247.7858341894323
1246.8403972804629
1245.9026810324606
1244.9726821672255
1244.0503974256922
1243.1358235679277
1242.2289573731327
1241.329795639641
1240.438335184921
1239.5545728455722
1238.6785054773297
1237.8101299550608
1236.9494431727658
1236.0964420435785
1235.2511234997671
1234.413484492732
1233.5835219930077
1232.761232990261
1231.9466144932935
1231.1396635300387
1230.3403771475641
1229.5487524120706
1228.7647864088924
1227.9884762424972
1227.2198190364854
1226.4588119335917
1225.705452095683
1224.9597367037604
1224.2216629579582
1223.4912280775438
1222.7684293009181
1222.053263885615
1221.3457291083023
1220.6458222647811
1219.9535406699856
1219.2688816579825
1218.5918425819739
1217.9224208142932
1217.2606137464084
1216.6064187889197
1215.9598333715621
1215.3208549432031
1214.689480971843
1214.0657089446172
1213.4495363677922
1212.8409607667697
1212.2399796860832
1211.646590689401
1211.0607913595234
1210.4825792983856
1209.911952127054
1209.3489074857314
1208.79344303375
1208.2455564495785
1207.7052454308182
1207.172507694203
1206.6473409756004
1206.129743030012
1205.6197116315711
1205.1172445735465
1204.6223396683386
1204.1349947474819
1203.6552076616442
1203.1829762806262
1202.7182984933625
1202.261172207921
1201.8115953515025
1201.3695658704412
1200.9350817302052
1200.5081409153954
1200.0887414297463
1199.6768812961254
1199.272558556534
1198.8757712721067
1198.4865175231112
1198.1047954089481
1197.7306030481523
1195.3702568218373
1192.5310531807738
1189.7008306523821
1186.8795797078542
1184.0672908537615
1181.2639546320563
1178.4695616200704
1175.6841024305147
1172.9075677114809
1170.1399481464405
1167.3812344542446
1164.6314173891242
1161.8904877406899
1159.158436333933
1156.4352540292239
1153.720931722313
1151.0154603443316
1148.3188308617887
1145.6310342765755
1142.4687476054166
1139.2344604493578
1136.018390174082
1132.8205144866217
1129.6408111379453
1126.4792579229545
1123.3358326804848
1120.210513293307
1117.103277688125
1114.014103835578
1110.942969750239
1107.889853490614
1104.8547331591462
1101.8375869022098
1098.838392910116
1095.8571294171077
1092.8937747013636
1089.9483070849963
1087.0207049340522
1084.1109466585128
1081.2190107122933
1078.3448755932434
1075.4885198431462
1072.64992204772
1069.829060836617
1067.0259148834234
1064.24046290566
1061.4726836647822
1058.7225559661774
1055.9900586591707
1053.2751706370188
1050.577870836914
1047.8981382399816
1045.2359518712824
1042.5912907998106
1039.9641341384956
1037.3544610441993
1034.762250717719
1032.187482403787
1029.630135391068
1027.0901890121625
1024.5676226436044
1022.0624157058618
1019.5745476633375
1017.1039980243685
1014.650746341225
1012.2147722101131
1009.7690622735826
1007.1398955120242
1004.4953416567837
1001.7050296539935
998.7108817966721
995.7272430968285
992.7541031338079
989.7914515248617
986.8392779251459
983.8975720277232
980.9663235635626
978.0455223015382
975.1351580484308
972.2352206489264
969.3456999856179
966.4665859790033
963.5978685874871
960.7395378073791
957.8915836728963
955.0539962561597
952.2267656671984
949.4098820539458
946.603335602242
943.8071165358332
941.0212151163711
938.2456216434134
935.4803264544241
932.7253199247725
929.9805924677349
927.2461345344923
924.5219366141328
921.8079892336498
919.1042829579422
916.4108083898163
913.7275561699828
911.0545169770595
908.3916815275692
905.7390405759414
903.0965849145114
900.46430537352
897.842192821114
895.2302381633475
892.6284323441783
890.0367663454721
887.4552311869993
884.8838179264369
882.3225176593675
879.7713215192799
877.2302206775688
874.699206343535
872.1782697643849
869.6674022252308
867.1665950490917
864.675839596891
862.1951272674602
859.7244494975347
857.2637977617574
854.8131635726764
852.3725384807456
849.9419140743252
847.5212819796811
845.1106338609859
842.7099614203169
840.3192563976581
837.9385105708998
835.5677157558367
833.2068638061721
830.8559466135129
828.5149561073725
826.1838842551709
823.8627230622335
821.5514645717918
819.2501008649836
816.9586240608515
814.6770263163454
812.4052998263204
810.1434368235382
807.8914295786651
805.6492704002751
803.4169516348471
801.1944656667658
798.9818049183226
796.778961849714
794.5859289590433
792.4026987823191
790.2292638934562
788.0656169042758
785.9117504645036
783.7676572617734
781.6333300216229
779.5087615074968
777.3939445207461
775.2888719006266
773.1935365243011
771.1079313068377
769.0320492012108
766.9658831983007
764.9094263268934
762.862671653681
760.8256122832619
758.7982413581399
756.7805520587247
754.7725376033329
752.7741912481856
750.7855062874113
748.8064760530438
746.837093915022
744.8773532811923
742.9272475973062
740.9867703470213
739.0559150519009
737.1346752714146
735.2230446029379
733.321016681752
731.4285851810446
729.5457438119084
727.6724863233428
725.8088065022534
723.9546981734509
722.1101551996525
720.275171481481
718.449740957466
716.6338576040415
714.827515435549
713.0307085042352
711.2434309002526
709.4656767516603
707.697440224423
705.938715522411
704.1894968874008
702.449778599075
700.7195549750226
698.9988203707371
697.2875691796196
695.5857958329758
693.8934948000185
692.2106605878658
690.5372877415416
688.8733708439764
687.2189045160058
685.5738834163718
683.938302241723
682.3121557266126
680.6954386435007
679.0881458027534
677.490272052642
675.9018122793444
674.3227614069442
672.7531143974312
671.1928662507008
669.6420120045544
668.1005467346994
666.5684655547495
665.0457636162239
663.5324361085478
662.0284782590526
660.5338853329755
659.0486526334595
657.5727755015538
656.1062493162135
654.6490694942992
653.2012314905784
651.7627307977237
650.333562946314
648.913723504834
647.5032080796747
646.1020123151325
644.7101318934101
643.3275625346162
641.9542999967654
640.5903400757778
639.2356786054803
637.890311457605
636.5542345417904
635.2274438055806
633.9099352344261
632.6017048516828
631.302748718613
630.0130629343848
628.7326436360722
627.4614869986551
626.1995892350195
624.9469465959575
623.7035553701664
622.4694118842503
621.2445125027192
620.0288536279882
618.8224317003792
617.6252431981201
616.4372846373439
615.2585525720905
614.0890435943049
612.9287543338388
611.7776814584494
610.6358216738
609.5031717234599
608.379728388904
607.2654884895139
606.1604488825764
605.0646064632843
603.9779581647367
602.9005009579389
601.8322318518012
600.7731478931407
599.7232461666805
598.6825237950486
597.6509779387803
596.6286057963158
595.6154046040017
594.6113716360909
593.6165042047414
592.6307996600178
591.6542553898907
590.6868688202362
589.7286374148364
588.7795586753796
587.8396301414602
586.9088493905781
585.9872140381393
585.074721737456
584.171370179746
583.2771570941333
582.3920802476475
581.516137445225
580.649326529707
579.7916453818414
578.943091920282
578.1036641015882
577.2733599202254
576.4521774085654
575.6401146368856
574.8371697133693
574.0433407841062
573.258626033091
572.4830236822253
571.7165319913164
570.9591492580772
570.2108738181271
569.4717040449906
568.7416383500994
568.0206751827899
567.3088130303053
566.6060504177944
565.9123859083119
565.2278181028183
564.5523456401811
563.8859671971719
563.2286814884701
562.58048726666
561.941383322232
561.3113684835823
560.690441617014
560.0786016267347
559.4758474548593
558.8821780814076
558.2975925243057
557.7220898393863
557.155669120387
556.598329498952
556.0500701446313
555.5108902648807
554.9807891050622
554.4597659484438
553.9478201161988
553.4449509674073
552.9511578990551
552.4664403460338
551.9907977811405
551.5242297150793
551.0667356964592
550.6183153117961
550.1789681855109
549.7486939799315
549.3274923952907
548.9153631697277
548.512306079288
548.1183209379227
547.7334075974886
547.3575659477491
546.9907959163726
546.6330974689346
546.2844706089157
545.9449153777028
545.6144318545886
545.2930201567721
544.9806804393573
544.6774128953555
544.383217755683
544.0980952891622
543.8220458025218
543.5550696403963
543.2971671853256
543.0483388577564
542.8085851160408
542.5779064564373
542.3563034131096
542.143776558128
541.9403265014689
541.7459538910141
541.5606594125512
541.3844437897745
541.2173077842839
541.0592521955849
540.9102778610895
540.7703856561151
540.639576493886
540.5178513255313
540.4052111400865
540.3016569644934
540.2071898635994
540.1218109401576
540.0455213348278
539.9783222261749
539.9202148306704
539.8712004026916
539.8312802345213
539.800455656349
539.7787280362692
539.7660987802834
539.7625693322988
539.7681411741273
540.0394593488354
540.0876523769522
539.1880508134661
538.2921462869658
537.3999308110058
536.5113964216081
535.6265351772599
534.7453391589158
533.8678004699957
532.9939112363867
532.1236636064414
531.2570497509796
530.3940618632868
529.5346921591149
528.6789328766824
527.8267762766743
526.9782146422414
526.1332402790007
525.2918455150364
524.4540227008983
523.6197642096029
522.7890624366324
521.9619097999365
521.1382987399304
520.3182217194952
519.5016712239795
518.6886397611976
517.87911986143
517.0731040774237
516.2705849843919
515.4715551800147
514.6760072844376
513.8839339402733
513.0953278126004
512.3101815889637
511.5284879793745
510.7502397163109
509.9754295547163
509.2040502720013
508.4360946680424
507.67155556518287
506.91042580823176
506.1526982644648
505.3983658236238
504.6474213979173
503.89985792201975
503.1556683530723
502.41484567068204
501.6773828769226
500.94327299633403
500.21250907592264
499.4850841851609
498.76099141598786
498.04022388280896
497.32277472249547
496.6086370943855
495.89780418028323
495.19026918445945
494.4860253336509
493.78506587706084
493.0873840863592
492.39297325568145
491.7018267016302
491.01393776327365
490.32929980214715
489.2138427649714
487.57599467732086
485.94444245072145
484.31917144997414
482.70016707463265
481.0874147590039
479.48089997214817
477.88060821787917
476.2865250347635
474.6986359961213
473.11692671002584
471.54138281930375
469.9719900015349
468.408733969052
466.8516004689419
465.3005752830436
463.7556442279503
462.2167931550078
460.6840079503157
459.157274534726
457.6365788638453
456.12190692803205
454.6132447523989
453.11057839681126
451.61389395588793
450.1231775590011
448.6384153702759
447.15959358859106
445.68669844757824
444.2197162156227
442.7586331958629
441.30343572618995
439.854110179249
438.41064296243815
436.97302051790854
435.5412293225648
434.11525588806484
432.6950867608197
431.28070852199374
429.8721077875044
428.4692712080228
427.072185468973
425.6808372905318
424.2952134276305
422.9153006699524
421.54108584193494
420.1725558027682
418.8096974463963
417.4524977015152
416.10094353157575
414.755021934781
413.41471994408755
412.0800246272053
410.7509230865972
409.42740245947994
408.1094499178228
406.79705266834867
405.49019795253383
404.1888730466074
402.8930652615523
401.6027619431041
400.317950471752
399.0386182627383
397.7647527660587
396.49634146646207
395.23337188345045
393.9758315712794
392.72370811895735
391.4769891502459
390.2356623236606
388.99971533247
387.7691359046951
386.54391180311114
385.3240308252461
384.1094808033815
382.9002496045519
381.6963251305451
380.49769531790236
379.3043481379179
378.11627159663954
376.93345373486795
375.75588262815734
374.58354638681516
373.416433155902
372.2545311152318
371.0978284793717
369.94631349764194
368.7999744541161
367.6587996676213
366.5227774917376
365.3918963147984
364.2661445598903
363.14551068485326
362.0299831822803
360.919550579518
359.81420143866575
358.7139243565766
357.6187079648568
356.52854092986564
355.4434119527157
354.36330976927303
353.2882231501567
352.2181409007389
351.1530518611458
350.09294490625587
349.03780894570144
347.98763292386786
346.94240581989385
345.9021166476713
344.8667544558454
343.83630832781444
342.8107673817302
341.79012077049754
340.7743576817747
339.76346733797294
338.7574389962572
337.75626194854505
336.75992552150797
335.76841907657024
334.78173200990955
333.7998537524568
332.82277376989623
331.85048156266515
330.8829666659543
329.92021864970775
328.9622271186225
328.008981712149
327.06047210449094
326.11668800460524
325.17761915620224
324.2432553377452
323.313586362451
322.3886020782893
321.4682923679834
320.55264714900983
319.64165637359815
318.7353100287314
317.8335981361458
316.9365107523308
316.0440379685288
315.1561699107362
314.272896739702
313.39420865092853
312.5200958746716
311.6505486759402
310.78555735449635
309.9251122448557
309.06920371628695
308.2178221728119
307.3709580532059
306.52860183099733
305.69074401446795
304.85737514665277
304.02848580533987
303.2040666030707
302.3841081871401
301.56860123959603
300.7575364772396
299.9509046516253
299.148696549061
298.35090299060744
297.557514832079
296.76852296404303
295.9839183118204
295.20369183548496
294.42783452986396
293.6563374245379
292.8891915838406
292.12638810685894
291.367918127433
290.61377281415656
289.86394337037615
289.1184210341917
288.3771970784567
287.6402628107774
286.9076095735137
286.17922874377837
285.45511173343783
284.7352499891116
284.0196349921722
283.30825825874575
282.60111133971174
281.89818582070217
281.1994733221032
280.50496549905364
279.8146540414457
279.12853067392496
278.4465871558902
277.76881528149335
277.09520687963965
276.4257538139878
275.7604479829492
275.0992813196891
274.4422457921258
273.78933340293054
273.14053618952835
272.49584622409714
271.8552556135681
271.2187564996259
270.5863410587081
269.9580015020059
269.3337300754635
268.7135190597784
268.0973607704014
267.48524755753647
266.87717180614084
266.27312593592507
265.673102401353
265.0770936916416
264.4850923307612
263.89709087743523
263.3130819251405
262.7330581021071
262.1570120713182
261.5849365305104
261.0168242121735
260.4526678835504
259.8924603466376
259.33619443818446
258.78386302969386
258.23545902742177
257.6909753723774
257.15040504032345
256.61374104177577
256.0809764220031
255.55210426102806
255.027117673626
254.50600980932566
253.98877385240928
253.4754030219121
252.9658905716225
252.4602297900825
251.95841400058703
251.46043656118445
250.96629086467627
250.47597033861726
249.9894684453156
249.5067786818324
249.02789457998242
248.5528097063333
248.0815176622062
247.61401208367542
247.15028664156847
246.69033504146626
246.23415102370276
245.78172836336532
245.33306087029447
244.88814238908407
244.44696679908122
244.0095280143861
243.57581998385237
243.14583669108688
242.7195721544497
242.2970204270541
241.84165712849526
241.08775230117288
240.33965781010556
239.5973590008645
238.86084126222292
237.92311390947995
236.89531779352043
235.87414087805703
234.85957426997237
233.851609120105
232.8502366232488
231.85544801815337
230.8672345875237
229.88558765802037
228.91049860025956
227.94195882881303
226.979959802208
226.02449302292712
225.07555003740907
224.13312243604742
223.1972018531918
222.2677799671472
221.3448485001741
220.42839921848864
219.51842393226255
218.61491449562288
217.71786280665248
216.82726080738948
215.94310048382806
215.06537386591734
214.1940730275622
213.32919008662336
212.47071720491684
211.6186465882141
210.7729704862424
209.93368119268436
209.10077104517816
208.2742324253177
207.4540577586524
206.64023951468693
205.83277020688183
205.0316423926531
204.23684867337238
203.44838169436656
202.6662341449184
201.890398758266
201.12086831160315
200.35763562607914
199.6006935667988
198.85003504282255
198.1056530071662
197.36754045680138
196.635690432655
195.91009601960965
195.1907503465036
194.47764658613036
193.7707779552392
193.07013771453506
192.375719168678
191.68751566628407
191.0055205999247
190.32972740612675
189.66012956537287
188.996720602101
188.339494084705
187.68844362553375
187.0435628808921
186.40484555104038
185.77228538019435
185.1458761565254
184.52561171216044
183.9114859231819
183.30349270962793
182.70162603549193
182.10587990872313
181.51624838122612
180.77301714374002
179.91606138359194
179.06565545986786
178.2217937592814
177.38447071414612
176.55368080237565
175.72941854748345
174.91167851858313
174.10045533038834
173.2957436432127
172.49753816296953
171.70583364117275
170.92062487493567
170.14190670697204
169.3696740255953
168.60392176471908
167.84464490385696
167.09183846812255
166.34549752822937
165.60561720049105
164.8721926468212
164.14521907473326
163.42469173734088
162.71060593335764
162.00295700709717
161.30174034847292
160.6069513929986
159.9185856217877
159.23663856155386
158.56110578461062
157.89198290887154
157.2292655978502
156.5729495606602
155.92303055201515
155.2795043722286
154.64236686721404
154.01161392848513
153.38724149315553
152.76924554393864
152.15762210914812
151.55236726269757
150.95347712410057
150.3609478584706
149.7747756765214
149.1949568345664
148.62148763451924
148.0543644238935
147.49358359580273
146.93914158896055
146.3910348876805
145.84926002187615
145.31381356706112
144.78469214434892
144.2618924204532
143.74541110768752
143.2352449639654
142.73139079280048
142.2338454433063
141.74260581019647
141.25766883378452
140.7790314999841
140.3066908403087
139.84064393187197
139.38088789738742
138.9274199051687
138.48023716912937
138.03933694878293
137.604716549243
137.17637332122325
136.75430466103714
136.33850801059825
135.92898085742024
135.5257207346166
135.12872522090098
134.7379919405869
134.35351856358798
133.97530280541778
133.60334242718983
133.23763523561774
132.8781790830152
132.52497186729553
132.17801153197254
131.83729606615975
131.50282350457067
131.17459192751897
130.85259946091813
130.53684427628178
130.22732459072347
129.92403866695685
129.62698481329542
129.33616138365278
129.05156677754252
128.7731994400782
128.50105786197338
128.23514057954168
127.97544617469667
127.72197327495188
127.47472055342094
127.23368672881739
126.99887056545484
126.77027087324684
126.54788650770699
126.33171636994882
126.12175940668594
125.91801461023198
125.72048101850042
125.52915771500489
125.34404382885899
125.16513853477625
124.99244105307021
124.82595064965452
124.66566663604279
124.51158836934847
124.36371525228527
124.22204673316666
124.08658230590629
123.95732151001774
123.83426393061451
123.7174091984102
123.60675698971843
123.5023070264528
123.40405907612681
123.31201295185407
123.22616851234817
123.14652566192267
123.07308435049111
123.00584457356713
122.94480637226432
122.88996983329622
122.8413350889764
122.79890231721839
122.76267174153587
122.73264363104235
122.70881830045148
122.69119611007676
122.67977746583175
122.67456281923012
122.67555266738536
122.75184824276364
122.75655434991546
122.63696844755786
122.51826985639588
122.40046090852834
122.28354396003509
122.16752139097683
122.05239560539545
121.93816903131348
121.82484412073474
121.7124233496438
121.60090921800624
121.4903042497687
121.3806109928586
121.27183201918456
121.16396992463595
121.05702732908324
120.9510068763778
120.84591123435196
120.7417430948191
120.63850517357345
120.53620021039029
120.4348309690258
120.33440023721721
120.2349108266826
120.13636557312108
120.03876733621277
119.94211899961866
119.84642347098074
119.75168368192202
119.65790258804641
119.56508316893881
119.47322842816506
119.38234139327197
119.29242511578738
119.20348267122002
119.11551715905958
119.02853170277672
118.94252944982318
118.85751357163144
118.77348726361521
118.69045374516894
118.60841625966815
118.52737807446933
118.44734248090987
118.36831279430821
118.29029235396374
118.21328452315669
118.13729268914841
118.06232026318122
117.98837068047818
117.91544740024362
117.84355390566262
117.77269370390133
117.7028703261068
117.63408732740707
117.56634828691116
117.49965680770904
117.43401651687168
117.36943106545093
117.30590412847968
117.24343940497177
117.18204061792197
117.12171151430607
117.06245586508075
117.00427746518375
116.94718013353375
116.89116771303024
116.8362440705539
116.78241309696631
116.7296787071099
116.6780448398082
116.62751545786557
116.57809454806753
116.52978612118041
116.48259421195148
116.43652287910913
116.39157620536258
116.34775829740205
116.30507328589879
116.26352532550484
116.22311859485346
116.1838572965587
116.14574565721551
116.10878792740004
116.0729883816692
116.03835131856097
116.00488106059423
115.97258195426885
115.9414583700657
115.9115147024466
115.88275536985425
115.85518481471239
115.82880750342584
115.8036279263801
115.7796505979419
115.75688005645878
115.73532086425931
115.71497760765301
115.69585489693038
115.67795736636289
115.66128967420292
115.6458565026838
115.63166255802
115.61871257040671
115.60701129402027
115.59656350701788
115.58737401153778
115.57944763369909
115.57278922360197
115.56740365532755
115.56329582693785
115.56047066047584
115.5589331019656
115.558688121412
115.5597407128011
115.63534489205152
115.62476227958838
115.51198099665606
115.40132905765293
115.29280847193095
115.18642126581459
115.08216948260146
114.9800551825619
114.880080442939
114.78224735794883
114.68655803878036
114.59301461359522
114.50161922752798
114.41237404268615
114.32528123814996
114.24034300997253
114.15756157117984
114.07693915177066
113.99847799871674
113.92218037596253
113.84804856442541
113.77608486199557
113.70629158353616
113.6386710608829
113.57322564284475
113.5099576952032
113.44886960071271
113.38996375910058
113.33324258706698
113.27870851828487
113.2263640034001
113.17621151003141
113.12825352277025
113.08249254318106
113.0389310898011
112.9975716981404
112.95841692068191
112.9214693268814
112.8867315031675
112.85420605294165
112.82389559657828
112.79580277142445
112.76993023180017
112.74628064899841
112.61160478665727
112.22624942468414
111.84512347528039
111.46822150886624
111.0955381290171
110.7270679724634
110.36280570909086
110.00274604194027
109.64688370720751
109.29521347424367
108.94773014555497
108.60442855680267
108.26530357680338
107.93035010752858
107.59956308410516
107.27293747481492
106.95046828109496
106.63215053753746
106.31797931188964
106.00794970505409
105.70205685108827
105.40029591720503
105.1026621037722
104.80915064431272
104.51975680550487
104.23447588718184
103.95330322233208
103.67623417709918
103.40326415078184
103.1343885758339
102.86960291786428
102.60890267563718
102.35228338107186
102.09974059924271
101.85126992837925
101.60686699986614
101.36652747824327
101.13024706120552
100.89802147960305
100.66984649744107
100.44571791187987
100.2256315532351
100.00958328497735
99.7975690037324
99.58958463928121
99.3856261545598
99.18568954565943
98.98977084182641
98.79786610546222
98.60997143212353
98.42608295052206
98.24619682252474
98.07030924315357
97.89841644058578
97.73051467615366
97.56660024434468
97.40666947280144
97.25071872232166
97.09874438685823
96.9507428935192
96.80671070256766
96.66664430742189
96.53054023465539
96.39839504399671
96.27020532832952
96.14596771369268
95.98547052451767
95.76815065473609
95.51403990282908
95.26334303105752
95.01605649424063
94.77217677451861
94.53170038135247
94.29462385152421
94.06094374913667
93.83065666561372
93.60375921970004
93.38024805746123
93.16011985228381
92.9433713048753
92.72999914326398
92.52000012279913
92.31337102615097
92.11010866331057
91.91020987158994
91.713671515622
91.52049048736058
91.33066370608043
91.14418811837717
90.96106069816742
90.7812784466886
90.60483839249918
90.43173759147834
90.26197312682643
90.09554210906447
89.93244167603457
89.77266899289964
89.61622125214357
89.46309567357113
89.313289504308
89.16680001880079
89.02362451881697
88.88376033344504
88.74720481909429
88.61395535949495
88.48400936569821
88.35736427607615
88.2340175563217
88.11396669944887
87.99720922579233
87.88374268300791
87.77356464607217
87.6666727172827
87.56306452625795
87.46273772993727
87.36569001258094
87.27191908577018
87.1814226884071
87.0941985867147
87.01024457423688
86.92955847183852
86.85213812770539
86.77798141734414
86.70708624358231
86.63945053656842
86.57507225377194
86.51394937998303
86.45607992731306
86.4014619351941
86.35009347037925
86.30197262694242
86.2570975262785
86.21546631710329
86.1770771754535
86.14192830468669
86.11001793548147
86.08134432583718
86.05590576107421
86.03370055383388
86.01472704407827
85.9989835990905
85.98646861347457
85.9771805091554
85.97111773537878
85.96827876871147
85.96866211304109
86.06171189506824
86.05065157338984
85.98291506694336
85.93466585004975
85.88867000964923
85.84492636665267
85.80343376711176
85.7641910822191
85.72719720830807
85.69245106685304
85.65995160446911
85.62969779291235
85.60168862907966
85.54384564592756
85.44103583757781
85.25200576529609
85.0515912100299
84.85427215739219
84.66004534043293
84.46890751923024
84.28085548089018
84.09588603954701
83.91399603636306
83.73518233952875
83.55944184426252
83.38677147281102
83.21716817444889
83.05062892547893
82.88715072923199
82.72673061606702
82.56936564337107
82.41505289555924
82.26378948407479
82.115572547389
81.97039925100128
81.82826678743915
81.68917237625814
81.55311326404194
81.42008672440231
81.29009005797911
81.16312059244028
80.98315652023382
80.79545965543089
80.61187263947015
80.43239343899299
80.25702005460828
80.08575052089252
79.91858290638967
79.75551531361126
79.59654587903627
79.44167277311126
79.29089420025032
79.14420839883499
79.00161364121445
78.86310823370528
78.72869051659166
78.59835886412527
78.4721116845253
78.34994741997848
78.23186454663909
78.11786157462888
78.00793704803712
77.90208954492066
77.80031767730384
77.70262009117849
77.60899546650403
77.51944251720735
77.43395999118292
77.35254667029261
77.27520137036598
77.17948475260657
77.0612658506888
76.94809375779188
76.82896496623658
76.68579183630348
76.54671965197298
76.41174679963527
76.28087169861278
76.15409280116008
76.0314085924639
75.91281759064329
75.79780241371579
75.68712064572199
75.5809073672766
75.47916510010919
75.38189640726266
75.28910389309272
75.20079020326841
75.1169580247716
75.03761008589747
74.96274915625408
74.89237804676273
74.82649960965774
74.76511673848651
74.70823236810949
74.58521007900734
74.45599533402394
74.33218796740087
74.21378291083843
74.10077513927494
73.99315967088661
73.89093156708779
73.79408593253058
73.7026179151053
73.61652270594003
73.53579553940095
73.4604316930923
73.39042648785609
73.32577528777253
73.26647350015959
73.21251657557339
73.16390000780797
73.12061933389535
72.97660850237432
72.83245475813374
72.69291378475258
72.55797806177327
72.4276401139674
72.3018925113355
72.18072786910737
72.06413884774179
71.95211815292667
71.84465853557909
71.74175279184506
71.64339376309985
71.54957433594778
71.46028744222221
71.37552605898566
71.29528320852971
71.21955195837508
71.14832542127152
71.08159675519794
71.0193591633623
70.96160589420171
70.90833024138234
70.85952554379944
70.81518518557739
70.7753025960697
70.73987124985887
70.70888466675655
70.68233641180356
70.66022009526976
70.64252937265402
70.62925794468444
70.62039955731815
70.6159480017414
70.61589711436955
70.62024077684698
70.62697378445228
70.62686560943185
70.64222941349801
70.64141608485093
70.57460716439
70.51015889929826
70.44806920680527
70.38833603047901
70.33095734022606
70.2759311322914
70.22325542925851
70.17292828004942
70.03897710979281
69.90221237746891
69.76828883516224
69.63720539099538
69.50896098673921
69.37275917249008
69.20062597341563
69.03193413612401
68.8666817134548
68.70486679403439
68.5464875022757
68.39154199837823
68.24002847832827
68.09194517389861
67.9472903526487
67.80606231792467
67.66825940885927
67.53388000037187
67.40292250316843
67.27538536374159
67.15126706437066
67.03056612312149
66.91328109384668
66.79941056618534
66.68895316556329
66.58190755319296
66.47827242607346
66.37804651699042
66.28122859451625
66.18781746300986
66.09781196261689
66.01121096926951
65.92801339468667
65.81462128966665
65.70441404058624
65.59795834224087
65.49525503869009
65.39630501246437
65.30110918456514
65.20966851446471
65.12198400010622
65.03805667790387
64.95788762274266
64.88147794797858
64.80882880543844
64.73994138542002
64.67481691669198
64.61345666649396
64.55586194053642
64.50203408300075
64.45197447653929
64.40568454227527
64.36316573980282
64.32441956718701
64.28944756096375
64.25825129613996
64.23083238619337
64.20719248307273
64.18733327719758
64.17125649745847
64.15896391121677
64.15045732430487
64.14573858102595
64.11341248000568
64.0337766977738
63.95725334491311
63.88384341195525
63.81354792823523
63.74636796189169
63.68230461986665
63.621359047905585
63.563532430557586
63.508825991175065
63.457240991914034
63.40877873373389
63.3634405563976
63.32122783847155
63.28214199732564
63.2461844891332
63.21335680887111
63.1836604903197
63.157097106062764
63.1336682674876
63.113375624784936
63.09622086694908
63.08220572177772
63.07133195587212
63.063601374636896
63.05901582228026
63.01261562003377
62.94462828148336
62.876454992812164
62.77851457082227
62.68290933050546
62.58963896545555
62.49870319363448
62.410101757372416
62.323834423367735
62.23990098268704
62.158301250765085
62.07903506740492
62.002102296777686
61.927502827422856
61.85523657224798
61.785303468528966
61.717703477909765
61.652436586402644
61.589502804388054
61.52890216661463
61.47063473219923
61.37392504649437
61.266508543458684
61.16289475684129
61.063084093073634
60.96707698787335
60.87487390624422
60.78647534247629
60.70188182014582
60.6210938921153
60.544112140533365
60.470937176834944
60.40156964174111
60.33601020525921
60.27425956668273
60.21631845459141
60.16218762685123
60.11186787061436
60.06536000231916
60.022664867690196
59.98378334173831
59.948716328760476
59.91746476233994
59.89002960534615
59.86641184993474
59.84661251754756
59.83063265891272
59.81847335404448
59.81013571224332
59.805620872095986
59.77043656103051
59.733121390990746
59.6998575833112
59.67064868672449
59.64549828366383
59.624409990263196
59.607387456357195
59.59443436548115
59.578360669460615
59.49763496382789
59.41163994187133
59.327571229682064
59.245430715515795
59.16522031520329
59.0869419721503
59.01059765733766
58.93618936932125
58.863719134231964
58.79318900577573
58.72460106523358
58.65795742146152
58.593260210890634
58.53051159752702
58.469713772951835
58.410868956321266
58.35397939436655
58.29904736139397
58.24607515928483
58.195065117495474
58.14601959305733
58.09894097057682
58.05383166223541
58.01069410778964
57.96953077457107
57.93034415748626
57.893136779016906
57.85791118921968
57.824669965726244
57.793415713743435
57.76415106605304
57.73687868301188
57.71160125255186
57.688321490179895
57.66704213897799
57.64776596960311
57.630495780287305
57.61523439683769
57.60198467263638
57.59074948864055
57.581531753382414
57.574334402969214
57.569160401083266
57.56601273898188
57.56489443549746
57.56580853703738
57.475619556283604
57.38711991952669
57.300309913713285
57.21518984703665
57.1317600489364
57.05002087009887
56.96997268245677
56.89161587918939
56.81495087472255
56.73997810472851
56.66669802612618
56.59511111708087
56.52521787700448
56.457018826555405
56.390514507638564
56.32570548340539
56.262592338253896
56.201175677828466
56.141456129020206
56.08343433996656
56.0271109800516
55.97248673990592
55.919562331406524
55.86833848767707
55.81881596308767
55.77099553325499
55.724877995042156
55.68046416655887
55.63775488716133
55.59675101745226
55.557453439280906
55.51986305574306
55.48398079118094
55.44980759118341
55.41734442258576
55.38386885961772
55.33255856742841
55.28398971037059
55.238168746588364
55.195102164598296
55.154796483289275
55.1172582519225
55.082494050131636
55.050510487922686
55.021314205674024
54.99491187413638
54.971310194432895
54.95051589805905
54.93253574688271
54.91737653314411
54.905045079455846
54.895548238802924
54.88889289454268
54.858117646688825
54.768934682370606
54.647988384119834
54.529212007879536
54.412612499508526
54.29819683612326
54.18597202609785
54.07594510906408
53.96812315591137
53.862513268786834
53.75912258109517
53.657958257498834
53.55902749391787
53.46233751752999
53.3678955867706
53.275708991332706
53.17581157496122
53.059383204971276
52.92772736509944
52.79559064598898
52.65112126377554
52.50907435330622
52.369455652108954
52.23227092597534
52.09752596896071
51.95101353472352
51.79742048534886
51.6149567633632
51.43462826940587
51.230326982630594
51.027959812222214
50.827881519038606
50.63009992474846
50.434622885873246
50.241458293787325
50.05061407471788
49.862098189744934
49.675918634801306
49.49208344067268
49.31060067299758
49.12494920519439
48.92927076214579
48.73603580785863
48.545253277681624
48.35693214694522
48.17108143096158
47.98771018502457
47.80682750440978
47.62844252437455
47.45256442015789
47.26514900999932
47.07641096485809
46.88995829584351
46.70580165150167
46.523951722752166
46.344419242888115
46.1636641156354
45.971206957209475
45.78119921107587
45.593651844583306
45.40857586941646
45.22598234159607
45.04529851762231
44.86329142548027
44.65548873287899
44.44972772290387
44.24601217582973
44.044345905460375
43.84473275912849
43.6471766176956
43.451681395552185
43.25825104061761
43.06688953434009
42.87760089169682
42.69038916119377
42.50525842486592
42.32221279827706
42.14125643051994
41.96239350421614
41.78562823551618
41.610964874099466
41.43840770317424
41.26796103947777
41.09962923327609
40.933416668364174
40.7693277620659
40.60736696523402
40.4475387622502
40.289847671025
40.13429824299784
39.97576241390884
39.81673670262374
39.65650619560465
39.48889151086681
39.319405650446015
39.14573021731883
38.93947440780636
38.73562556053766
38.53418155754768
38.33514031394305
38.13849977790182
37.9442579306736
37.75241278657954
37.562962393012306
37.37590483043614
37.19123821238672
37.008960685471365
36.82907042936885
36.65156565682946
36.476444613675106
36.30370557879913
36.13334686416647
35.96536681481353
35.799763808848304
35.6365362574503
35.47568260487053
35.317201328431565
35.161090938527494
35.00734997862393
34.855977025258014
34.70697068803843
34.560329609645386
34.41605246583062
34.2741379654174
34.13458485030051
33.99331924330083
33.84333784347524
33.69582060132049
33.550767093271034
33.40817693191662
33.2680497660023
33.13038528042845
32.99518319625073
32.86244327068013
32.732165297082965
32.6043491049808
32.47899456005057
32.356101564124494
32.235670055190084
32.11770000739019
32.002191431022965
31.88914437254183
31.776374565233215
31.65961001342364
31.539605902204645
31.417692531016524
31.284686841050817
31.144833144083485
31.004435366601392
30.865262681936514
30.719450824270435
30.575783488856054
30.434259501345927
30.294877715846937
30.157637014920358
30.022536309581813
29.88957453930127
29.758750672003078
29.630063704065932
29.503512660322887
29.379096594061373
29.25681458702316
29.136665749404397
29.018649219855572
28.902764165481557
28.789009781841557
28.67631526042979
28.565170951598517
28.447892940108677
28.328170718529442
28.21047996983796
28.094488575652335
27.977550517200765
27.861546702342753
27.746899461931648
27.634131972318716
27.522244391621662
27.410385623335102
27.30063878894157
27.190168549718386
27.082246063454797
26.972975687475664
26.86491930738446
26.759650052929437
26.657170019759526
26.55680163634753
26.45667261627563
26.35932315367449
26.26475598705087
26.172973891218053
26.083979677295815
25.99675013152274
25.908657131804613
25.821720516839704
25.73696903992567
25.654331909898342
25.569461140452194
25.486753896210267
25.404768072473036
25.32014567940726
25.237506824187875
25.154154529903
25.066791002873682
24.97956142158506
24.889174780697033
24.79736814104444
24.707886117818433
24.620735563963308
24.53578528367658
24.44782089995119
24.36104456642963
24.274741076063933
24.190739841278173
24.10752399256944
24.02443529884191
23.941463034505052
23.86082305823409
23.781791072600885
23.701818477047066
23.62254736996445
23.540353958000257
23.457776760090596
23.372804297831443
23.289654495867804
23.206328977833227
23.125332253126068
23.046669841711495
22.968866637198065
22.891980828130695
22.814282751824326
22.73825081920971
22.657622655057015
22.577995985070793
22.49464351044683
22.412855491117032
22.331155602694537
22.251191896341457
22.171138371918236
22.09183468619526
22.013537526365027
21.936674436005617
21.861286328486994
21.787688074553063
21.71320263524012
21.638678311628333
21.564850621929985
21.491175806200413
21.419348130664098
21.347406064990075
21.277056693711934
21.206535964306532
21.13817286985264
21.072002212192654
21.00564470279601
20.9404094870775
20.875222784193063
20.81057265525646
20.74449707008324
20.680292445019592
20.617706995239192
20.55419013486284
20.49155475375872
20.430337552494823
20.371241292277496
20.312624632375652
20.25517337804206
20.19798657987907
20.141968299767843
20.086782805887736
20.032050464173505
19.978397360564657
19.924416776624906
19.870450483605275
19.817030787919844
19.76487805880521
19.713225516048666
19.66298481923839
19.61339529699489
19.564247744379436
19.516113307599607
19.468353957752463
19.422284719631705
19.376388366568907
19.331089769856227
19.28663791396989
19.24207611021525
19.19913106665784
19.156237468516775
19.11424021928156
19.07286609490703
19.032389909723406
18.992031028809343
18.952475989404896
18.913000888439413
18.87414227144933
18.836029987169855
18.799097560459924
18.763173713283777
18.728534751800396
18.694730259901604
18.661828877410926
18.62982944739499
18.597725835496654
18.56627369181804
18.53655960629207
18.506843544035334
18.478213753074932
18.45023856091017
18.42350262167824
18.397390098410764
18.371055823111607
18.34532251937293
18.3210959375387
18.298026895666336
18.275328632291373
18.253628441538847
18.231753291655895
18.210212927834917
18.18964886952418
18.169660748428836
18.1493904885376
18.131101194679367
18.1124420599053
18.094904518515335
18.078147837159445
18.06204970588313
18.046663693530736
18.032182853809633
18.01862640771717
18.00611634573905
17.993700101220842
17.98208894398864
17.97120328343185
17.959708173331375
17.949105365586444
17.9395175923426
17.93076224802066
17.92239551334137
17.914077094896385
17.906938239639892
17.900459228128234
17.893893231255795
17.888435706707547
17.88342484784519
17.8794596991913
17.87562713985259
17.87295008262124
17.87021570222969
17.868328000501737
17.86705796133085
17.86497854805858
17.860063504650547
17.852400984448654
17.84457593064917
17.837313411420347
17.829725895164618
17.82344918185549
17.817744069816683
17.81213794965854
17.805361648410717
17.80046832173177
17.795412904559566
17.790972338631306
17.78694510247331
17.7838639676748
17.78008053281326
17.77542028556638
17.771065780696205
17.765673370372877
17.75977946049628
17.755443035283182
17.750296927170197
17.746706614842182
17.743045072497193
17.73894975462975
17.73546565207355
17.732023932445124
17.728566407061354
17.72561278312621
17.722700265903946
17.7205161610591
17.71815595675664
17.716329669892023
17.714832129099676
17.71267647562499
17.71020890328952
17.707689353768767
17.703884824783998
17.699803404106646
17.69597322607921
17.691986138314743
17.6885048956956
17.683790890010663
17.680350450250184
17.676487735145045
17.67292188520817
17.669382020447248
17.666188225595707
17.663199455524964
17.66007592003174
17.656871573970225
17.65398758671696
17.651055397758796
17.647413160439292
17.64409967913563
17.640791031650654
17.637085508897222
17.634356204599836
17.630669178506587
17.62717435015921
17.623320546387887
17.61990433459169
17.616235326693438
17.61282918602133
17.609774896138422
17.606225484989093
17.60323626681792
17.59972926677036
17.59625920630704
17.593411060876775
17.589823478547785
17.586477539823804
17.58329285875225
17.580145886534144
17.576950190324443
17.57367837349376
17.570271564689484
17.566354847346894
17.563051036767806
17.559421660940387
17.556632406872236
17.55365597207956
17.55070816034685
17.5478895303449
17.54505400308606
17.541245650861615
17.537528207108515
17.534623239574557
17.530632207127876
17.527350097103337
17.523562843282274
17.519821163948723
17.51614397466688
17.512188912351604
17.5090830759675
17.50548052665873
17.502238925987264
17.499133235760965
17.496263239029872
17.493344913315394
17.490192965629145
17.48714119684641
17.48339172397376
17.48053902203283
17.476477663155556
17.472543565542356
17.468615849601072
17.46535470029571
17.46150514230665
17.45769201343866
17.45462474907198
17.451330546491896
17.448631545125455
17.445459270694336
17.44252722711245
17.439541302216252
17.43622651048747
17.432807187334394
17.42921208830305
17.425293873868803
17.421687514370205
17.418687412215633
17.41594149866396
17.412654800007825
17.409357391100585
17.405884748334714
17.4018923887987
17.398214820300318
17.394516764031057
17.390820332655107
17.386905568725997
17.383312273357404
17.380680999019972
17.377826244299214
17.375056763807446
17.371368999052738
17.36790621752153
17.364415232957764
17.36088148040786
17.357589999745112
17.35371014379638
17.349915844387453
17.346836385049766
17.342975495831286
17.33986747914031
17.336450989350897
17.33292095725141
17.329699253194896
17.32672679712491
17.32277779546907
17.319096429231926
17.314728807527768
17.31160083579263
17.30809256897168
17.30493236687482
17.302175732050767
17.29824497463531
17.294809478283028
17.292429819632567
17.289408966547754
17.28618908397759
17.28258267978894
17.278615178565747
17.27537937029562
17.271786464250408
17.268396869839584
17.265480614318168
17.26158152564522
17.258111552149632
17.25488647042816
17.251964627032404
17.24804904157074
17.24459200536084
17.23996102307591
17.235396327988838
17.231861224124046
17.228916260526507
17.225487337905612
17.22265399752035
17.220517043410556
17.21801172774901
17.215597815434453
17.213006731739053
17.21016211609595
17.206725254407
17.203691529068433
17.200107313402842
17.197418524145057
17.1935005922659
17.188822256786494
17.18506851033229
17.182073828229505
17.1783850533931
17.174904666753307
17.17161743406056
17.168007235108234
17.16494382981564
17.160870484616034
17.156769433003166
17.152937310374043
17.149335052527423
17.14589224521085
17.142117445727685
17.138760713807123
17.135630188417807
17.133047030922565
17.129935399661314
17.12643409433823
17.122731436929058
17.118935454336587
17.114913937316235
17.111650453170725
17.107956485463422
17.10380352090758
17.100739554706934
17.09718024498453
17.094024690900063
17.0912089389212
17.08821302760503
17.08564224849848
17.082543897908526
17.079933943010346
17.0767463974306
17.073765762356814
17.06963482065468
17.06585963532098
17.061674139060308
17.056946576498266
17.052596717033346
17.04929300068906
17.04616875936582
17.042289827868164
17.039615740077487
17.036332064928335
17.033830435002486
17.031250208159413
17.02846771653788
17.025284813271465
17.02127281603508
17.01813893369468
17.01438752908202
17.011326303996306
17.00777064951741
17.00344702151859
16.99977212278935
16.996509211816385
16.993653143864595
16.9896562496658
16.987120514500205
16.984187727001768
16.98016360159626
16.976414875254086
16.97297128402081
16.96966301283724
16.965974273298652
16.962734790779283
16.958911747308534
16.955464467866193
16.95218795578446
16.948972901704916
16.945931683100454
16.94381429215978
16.94192558919786
16.93946053071401
16.9373776943662
16.933842719417573
16.930521296181162
16.92651579346914
16.921756530866492
16.917719200406818
16.913033185463078
16.909084891778956
16.905640761888737
16.90141906208638
16.898138997858574
16.895126704703728
16.891685896077966
16.888910921653597
16.8864881865244
16.88403573879547
16.88004201176286
16.876545359487157
16.873047956313435
16.868283839148273
16.864558003287097
16.86086674822333
16.857167513465875
16.853376121847667
16.85021553019672
16.847055338227086
16.84459896647156
16.84199490383201
16.83807218645414
16.834284204433903
16.83040596575869
16.82599302572689
16.821790513083517
16.81794085182061
16.812840529050128
16.80838766061272
16.803287479565334
16.799410518586868
16.795381910720735
16.79048927751082
16.786245789140462
16.782037313082697
16.77810692880983
16.774386065360037
16.770995013685265
16.767395127806626
16.764511711282957
16.761255916815003
16.757686318649622
16.754236489711626
16.751023244638986
16.747388630562792
16.74489585501139
16.74142641053754
16.73864831678755
16.735299812664568
16.732170078634507
16.729624751212285
16.725300447318222
16.72121957651035
16.716918900236585
16.71295519276278
16.708703049518153
16.705009053375267
16.70208332140449
16.69843457600147
16.694828670562742
16.690715342393492
16.68733175688412
16.68380970781483
16.68006159197942
16.67627333407492
16.67296227779628
16.67007934251842
16.666536178842218
16.662871547222842
16.659537756793583
16.655987360070057
16.65196479862518
16.64788481261943
16.64396937759486
16.639983404299407
16.635682813001306
16.63159993850499
16.627676747337734
16.624305725006366
16.621076185165403
16.618578548329833
16.61499616810856
16.61233363697464
16.608669229168388
16.60552167003993
16.602444309158525
16.598845927389043
16.5953721255091
16.592088051580596
16.58842573789854
16.585119605959672
16.579523612330902
16.57484164173277
16.5705594080111
16.567707257076307
16.56471695202683
16.561255242303616
16.558159036904854
16.554071904068522
16.54945781771645
16.54499584653998
16.541009860071604
16.537029382007326
16.53315639603687
16.52900177315158
16.525655165353886
16.521131570196378
16.516845546776196
16.51255515495459
16.5086559316829
16.504790894214615
16.500751710116596
16.496868850855762
16.492951765899925
16.48936800490825
16.48675154223004
16.48341934065336
16.48039840402489
16.478183436268104
16.474153737508924
16.471186549763335
16.467221715664635
16.462994156185175
16.459783804098812
16.45550219878038
16.451095854699847
16.447057160462563
16.443159003837625
16.439264889982294
16.435071251226812
16.43129612075184
16.427955015724187
16.42430894601005
16.42045421981911
16.417242726820827
16.41318839701608
16.410575800846797
16.407118829670942
16.404075507881437
16.400726571510354
16.39766081648065
16.395018989827253
16.391388827778854
16.386452575933113
16.382427467699692
16.377703094699868
16.372956484469437
16.368888790750674
16.365139804208013
16.36144595988935
16.35792636977325
16.353650787971844
16.35090537048412
16.34709585602571
16.343832167664946
16.34083606269361
16.337311779040164
16.334049687387548
16.33019313751272
16.32653054994256
16.32165546832076
16.317423170417225
16.313147156535685
16.30973521741694
16.306490395332002
16.302939133327794
16.29946352683731
16.296940075076215
16.29455723501538
16.29214542576544
16.28826946293776
16.284798392727932
16.28164527652077
16.277697018878406
16.27378997865841
16.270343285445744
16.26643466480814
16.26158072703767
16.25737596297665
16.253295615043644
16.249703181997063
16.245656561974663
16.24193022320058
16.238012428600946
16.23398165281959
16.229342686415436
16.22531637413601
16.220715114260397
16.216272810657767
16.211826861495464
16.20828064901683
16.2047202402287
16.201150275735436
16.19748176642638
16.19361718795576
16.189989914150022
16.186709044625328
16.182494765116047
16.178775887807653
16.175125399814398
16.17188765894378
16.169195242696972
16.16660610673066
16.16304864046197
16.15965993428715
16.1567901055204
16.153466629761056
16.15031507107112
16.146866258403918
16.14324569844459
16.139402603342262
16.13585787508222
16.132790151761302
16.129887063546427
16.126855548682844
16.12409239879467
16.120513910140218
16.11706365994414
16.112723118770678
16.108415810051113
16.105220877267005
16.101549809229535
16.09868368124493
16.095613285006223
16.092509216546294
16.088909856670355
16.085989396754464
16.08236676925898
16.078563960237215
16.073665510130503
16.06948666314916
16.06496919023648
16.060070351938503
16.0562832952599
16.05180264414928
16.04732321945971
16.042967206280956
16.038364666376662
16.0335862530917
16.03051353877619
16.02632725807574
16.02277455579933
16.018296378412167
16.013391404179824
16.009494644344596
16.005104419039043
16.00067142225792
15.995969145438796
15.992090302421765
15.9873956919845
15.984321553293265
15.980879082741257
15.97694637729472
15.973131277026855
15.969191068582855
15.96587465616783
15.962431564122866
15.958918074387462
15.955027056664068
15.95188235126651
15.948225365149352
15.945424438671425
15.94174369074034
15.938116742430635
15.934246221888335
15.93079528811007
15.927365762657983
15.92417269108036
15.920567171060595
15.917365718324618
15.913456114017205
15.910567823993011
15.90648284565268
15.903452361200918
15.899731520248153
15.896080179688722
15.892477409232887
15.888898640786053
15.885290831408598
15.881860656679759
15.878701478341927
15.875861201339164
15.872381933468867
15.869037023652528
15.86468287157039
15.86043423733155
15.856595616606258
15.853423849951861
15.850019965299573
15.847194438146865
15.843118573511063
15.840168722212459
15.835586086884902
15.832140085298727
15.827808925048597
15.822913005734193
15.81857368223256
15.813611567711202
15.809481662524021
15.805529575473479
15.800956961133828
15.796708896891852
15.792872108149993
15.788351303710385
15.784327222399952
15.780236148198968
15.776604447866118
15.773624300766693
15.770673815812946
15.767115502080596
15.764026478022993
15.760921241726576
15.756614415467734
15.752819385990266
15.74847386669159
15.743985781879141
15.738033579890875
15.733466818510523
15.72829215743656
15.725239720409869
15.721495608215998
15.718159261516712
15.714280298271538
15.709696875735139
15.705563979688135
15.702039920128385
15.698697016980642
15.695440584418586
15.692471838578037
15.689652853247908
15.686959559955897
15.684003776453443
15.680469738767368
15.677687124485974
15.6744425109243
15.670037821613263
15.665867226796388
15.661977480762191
15.65740152701398
15.652645436961947
15.648584315448511
15.643283473156346
15.63888110681238
15.634979450760726
15.631262641099662
15.627569749665422
15.62439521037062
15.620692275312413
15.616469500103847
15.612059741654726
15.608529134385794
15.603971295699047
15.600209583664299
15.596496887973807
15.592970804934296
15.589583256607277
15.585765085335215
15.582083308604307
15.578647977643506
15.575256401720054
15.57112140289793
15.567609066323454
15.563616269125731
15.5596164606181
15.555432947328931
15.551910147541882
15.548120773564168
15.54421611367994
15.53950837518292
15.534901966842568
15.52962055724435
15.525231480322788
15.521511894116053
15.518139279224226
15.514781673516623
15.51145114757069
15.50711317585314
15.502890247055344
15.498187825404298
15.494198896549339
15.489920145969245
15.48560736405425
15.48113047287952
15.477026306094375
15.473601737029217
15.470270459616492
15.466629170137901
15.46249925826823
15.458319208595729
15.453308969501169
15.449420469619643
15.446147210583725
15.443093649938344
15.439559580956672
15.437028222324335
15.434542833667761
15.430627678632813
15.427841957171841
15.423890193254655
15.420218704467528
15.41648983922431
15.412423800982172
15.408497317980792
15.405023922029592
15.400762687112405
15.396366634554479
15.39180560288658
15.387375526026311
15.383065852329509
15.379135557502659
15.375517868429828
15.371175372266338
15.36688252637347
15.363432758053884
15.359053559498287
15.355489037449768
15.351915658416436
15.348946862273989
15.345309383065235
15.34210534726093
15.338220005251072
15.334377200512076
15.330288557255528
15.327067727395136
15.323394055817943
15.319586445501105
15.315697568746582
15.311434971475508
15.307927286881002
15.30398679549105
15.300574567829381
15.296027717445572
15.292846438580767
15.289691566770797
15.286439595372434
15.283373791089259
15.280340425422182
15.277337938171867
15.2749660371557
15.271368851142592
15.268248654314245
15.265090653693862
15.26064736245161
15.256859043827713
15.252601308154613
15.2487647726993
15.244931250649499
15.241001464877746
15.23747162691925
15.233712878746566
15.22972380357811
15.225814334275777
15.222280101596855
15.21765083953069
15.213465095080286
15.21026477456478
15.206483306954803
15.203079960681643
15.198552959270113
15.19514501083306
15.191720474741695
15.187978344229666
15.184393820712144
15.181614013408907
15.177575586960087
15.174600093643626
15.171509258087463
15.167767348170468
15.164630230602235
15.161513988139477
15.15770673528339
15.154784552256473
15.15063762987059
15.146890974271415
15.14268536417832
15.13899202793766
15.135622065269132
15.131637519528635
15.129050019041673
15.124927549955576
15.120598570228866
15.116644656245798
15.114180769440255
15.111537407826194
15.10929872863996
15.106143142494677
15.103843828454943
15.101393228707865
15.099978382337593
15.09763997280022
15.095571350741762
15.0921308378001
15.08950706903386
15.086348974557541
15.084551084507023
15.084412740332239
15.082861439134103
15.08123398315314
15.077555918367494
15.075286118105126
15.070278121070652
15.067795093655429
15.064363963494236
15.06157398367541
15.0594883996041
15.056942453644828
15.05382932961593
15.051669883107781
15.048490606155044
15.04540293936169
15.04125957559869
15.038849444130003
15.036933516784705
15.033577530226145
15.031230281266637
15.027226832867356
15.022503581278244
15.019476176992729
15.016211235304521
15.01235101210289
15.009359051649296
15.00571561383984
15.002877300660316
14.99933380295933
14.99543077702177
14.99179489318369
14.986862957488219
14.982143902876125
14.978425649507653
14.973196671488875
14.968577198992353
14.962236414489091
14.957358696753571
14.952435692265864
14.948187840838356
14.945136585555092
14.941538654599498
14.93807287653608
14.935132867300343
14.93120911859253
14.926798314043504
14.923667212346587
14.92139203117981
14.919138309453478
14.91636272531094
14.912839309629039
14.908746206646699
14.904633902269294
14.90132503887522
14.897991268155899
14.894723967803762
14.890592056144566
14.886712668673182
14.88289257104307
14.879660622717953
14.877465337284963
14.874986368125183
14.871500238117902
14.86918143873376
14.865219750483313
14.861396463172786
14.85839554894233
14.855073360704337
14.851980469674379
14.849090825973702
14.84570425928574
14.840646439688218
14.835857721179595
14.831930634090424
14.828655308335106
14.825117650476976
14.819800833962493
14.81503541211375
14.811815183726594
14.808556866879526
14.803724318251758
14.799836121378464
14.795388732725845
14.791596407990838
14.78814469281331
14.78387822040035
14.779141162943215
14.77488064786635
14.770538197671424
14.766641707862213
14.763163054756768
14.760259811482817
14.757217084988367
14.753976666386855
14.750128835689791
14.746717131367916
14.743914351103017
14.739896910276292
14.735515088789194
14.731491152190262
14.726405090232017
14.72250751673043
14.717214838875408
14.712943854835434
14.709399499069574
14.70578905993554
14.703043928787384
14.699466153122017
14.697298695289158
14.692675647372688
14.688756089653081
14.684684623748089
14.67979638168765
14.67549863084315
14.671542977803103
14.667148252452863
14.663045131815903
14.659339329603272
14.655414058047981
14.651021020274793
14.647409872976494
14.644163287268636
14.639977427687695
14.636362041153621
14.632646997266908
14.628426728671844
14.624383675581557
14.620777701892601
14.617630457908088
14.614397065548632
14.611085474057074
14.606798915084537
14.602404735198112
14.598571600408757
14.594754963626032
14.590450447185423
14.587087200980626
14.584328356323795
14.581809550231714
14.578486597782952
14.576350382832182
14.57516938442023
14.571205172704236
14.567400457924533
14.564061351940179
14.560579761622389
14.556372052497913
14.552387367959371
14.54776878717567
14.543421703326487
14.539632919650877
14.534726144005965
14.529976732784505
14.527387154943064
14.523600109844999
14.519708620295397
14.516877623675823
14.512036779744555
14.50846758050776
14.505381322486498
14.50193970414888
14.498246569922982
14.494809629647419
14.490974073551845
14.487998308822842
14.484531669496656
14.481152446977836
14.47710852463716
14.472857563355536
14.468510630611634
14.46413263871903
14.459689638959091
14.456578640783752
14.453066671697043
14.450104537540254
14.447797893789003
14.4448300458155
14.441948043020584
14.43746453267548
14.43328620648601
14.428409700190246
14.423373394577078
14.418717730084119
14.413660644355508
14.410061336204558
14.406873370434653
14.404099185859087
14.40097263929478
14.39781010029657
14.394145401502925
14.390195684031031
14.386432606415918
14.382473423085438
14.379332666093504
14.37669970067135
14.374803001405912
14.37166779317053
14.369743737909353
14.36726088596348
14.364277269928742
14.360225047246931
14.357641254933029
14.35504632214381
14.351643423221573
14.348007465969111
14.344223477738652
14.34119693007752
14.338603951965325
14.334122349963064
14.33074802210877
14.32672815159375
14.322527900957283
14.318442319837468
14.314715656112133
14.311469867266299
14.307321422222586
14.304688465501902
14.301637281752614
14.298531652889801
14.296262077394642
14.29348955312622
14.289630469727918
14.286094486781804
14.281375092548881
14.277096473403946
14.27277582537703
14.268240683722075
14.264470346462232
14.259526583700298
14.255535547827611
14.25009584036813
14.245443947462384
14.24234788277084
14.238108103772637
14.234059257981569
14.230232796086177
14.226862054376438
14.223137999753487
14.219161343275736
14.215225993667934
14.21238792672099
14.208432677192691
14.204353236386273
14.200842947526601
14.197828813825407
14.194711273465641
14.190802538619087
14.188359162278505
14.185305754489193
14.182753193533825
14.177317163562085
14.173367862238315
14.17008952196799
14.166048024233893
14.162973786111444
14.159504083446041
14.156010430337401
14.152620379906798
14.149628169767121
14.146100696152233
14.141986896658992
14.13867489168885
14.134497763003923
14.129655903640113
14.125254905623072
14.119612261165928
14.116192986332049
14.11105760093761
14.106920242912615
14.10324839191459
14.099352472549889
14.09484726277602
14.091256981093277
14.088376335029706
14.085055322550915
14.081717096478192
14.079263100904383
14.075130778490399
14.07213908188994
14.06872806570394
14.066227751830128
14.062755911122169
14.059613479299985
14.055664515733486
14.051054812109497
14.048764281820558
14.044451629419811
14.040611894117255
14.037574104834029
14.033503248710764
14.030785609734437
14.026802919057285
14.023614579825743
14.020349699486918
14.016921759064402
14.013487484357727
14.010117434485785
14.006738386554987
14.003327948188389
14.000033651830222
13.99652648316704
13.993044944288298
13.99064596045703
13.987545527436188
13.984166956088828
13.980673520163773
13.977214104643588
13.973375710297342
13.969245942554194
13.964673450715697
13.960151947851612
13.95723396320303
13.95364893830874
13.950010090899424
13.946832928040848
13.943070039632754
13.93917782684929
13.93552608760877
13.930666319257098
13.925833886652443
13.9216313616814
13.916273274786521
13.910623634877432
13.907310107480528
13.903420745799172
13.899904922542762
13.896094435189877
13.89290845125806
13.889722089736384
13.886429632918572
13.882644180217854
13.877982545612731
13.873705976698957
13.869906278423977
13.865456620241591
13.861915986223995
13.858374050362816
13.854456278295729
13.85079976112539
13.84718652240555
13.843868011880629
13.840493283606033
13.836258867138778
13.832139849593908
13.827913307303715
13.823407458646216
13.820467585179017
13.817002840052872
13.81299712009783
13.808821594670196
13.805239474066285
13.802103588726524
13.798156787529592
13.79463844790718
13.792355555097766
13.789234270049326
13.786492326321975
13.782759990296064
13.779977094265297
13.776716315961687
13.77340467422609
13.770300809467269
13.767005819835557
13.763613035231517
13.759773853495906
13.757052178624999
13.754297003013178
13.751638283993522
13.748671938704723
13.744605740597368
13.741022782681835
13.735949348807269
13.732490394575535
13.727967393902995
13.72409208139164
13.719944906808179
13.715774611694275
13.713015111111078
13.710811193915374
13.70734835236402
13.704887793962156
13.701673792130011
13.697926067749155
13.695736671518834
13.692884573465566
13.689624084090038
13.686934180659101
13.684665968805538
13.680949551803153
13.676893403130295
13.673328458202409
13.668849915319566
13.66392611798847
13.660377346192844
13.655091970374809
13.650493198204277
13.646737216974476
13.64158241862506
13.637197457040658
13.632646955482896
13.630119071477374
13.626698599198294
13.62378013792479
13.620939755634376
13.617560492232494
13.61484113004139
13.611197609741955
13.606987245776756
13.60424474867604
13.599618466335356
13.596514514473814
13.59240613313533
13.588247465729765
13.585757647767492
13.581697098825309
13.578129430879324
13.574706459859277
13.571683886374721
13.567910865193502
13.565495861753833
13.562967328866701
13.561237750690903
13.558856967804724
13.555552767334287
13.552651144995986
13.548551802196178
13.546753224962565
13.543891961246135
13.53948021522991
13.535975744019925
13.53161626403732
13.527851963693031
13.522907149648438
13.51970583753944
13.515742094709577
13.511630399105359
13.506430080816731
13.502636544958694
13.497922177974734
13.49361062684923
13.489819047655319
13.486261514834046
13.481978587091666
13.478679848340105
13.474324939932728
13.470414404268233
13.467059025309768
13.463043375383393
13.459414569723217
13.455495325024197
13.452114775850436
13.448204646833476
13.445147190338751
13.441343096899914
13.437829976372582
13.434322318116097
13.431101637345293
13.42769251807556
13.424121258118875
13.421116755177305
13.417872090935967
13.41484508371839
13.411304391017838
13.407934685786287
13.404073662813603
13.399635287056427
13.39584314335298
13.392112140566264
13.388330109483721
13.384981063836285
13.381321116989762
13.3788566691391
13.375345349154049
13.37226330051546
13.368222229568588
13.36389827488899
13.359237346803951
13.356309235092711
13.353663366492468
13.35103719209511
13.34785894918651
13.343915280495276
13.339257783250856
13.336169638691274
13.332282817272384
13.329984986526615
13.326038717596385
13.322497006910458
13.319259897494602
13.315839175427676
13.31315215650548
13.310864339083821
13.309016383058974
13.304317462753371
13.301028516587644
13.296863456154659
13.293793108570556
13.291093207861877
13.286271528214428
13.281481412426412
13.280086129700663
13.277042795115625
13.276331836602001
13.273337670362766
13.270443471960236
13.268697062117491
13.26614631420261
13.263486240754453
13.260030032464877
13.25711384607027
13.2545632580587
13.25146443704056
13.249058224115085
13.24671313898245
13.24456016117586
13.24210434780698
13.238770621111929
13.23544533796942
13.230422177375265
13.225941052540259
13.221543465812404
13.214749830990733
13.210593831033673
13.207386182324093
13.203884713440459
13.201022599916719
13.197399323580434
13.193607067877718
13.190180641742769
13.18703040985535
13.184590599776067
13.181668936277106
13.17810373512974
13.173857249770458
13.171313792638248
13.16957466603864
13.166579089416217
13.163895707180817
13.161154715665269
13.159214244688664
13.156304898248878
13.153451819838553
13.151604455108185
13.147753338219522
13.143789319250253
13.14053672741806
13.136505363858374
13.132023257851543
13.128966610904158
13.124497887863221
13.121022269174517
13.118750871114027
13.115813066757687
13.11296738733114
13.110238060427982
13.106595918011703
13.102808793175992
13.098891852434956
13.095605156767746
13.090788420318633
13.08704794249933
13.082546756186417
13.078351385112605
13.075316119711072
13.072830023061867
13.06992402026638
13.066239546689195
13.062350610704016
13.06028112300107
13.057961990773983
13.055558503926083
13.054114408262999
13.051248780587544
13.04980323479903
13.047560288913274
13.043152921282005
13.039118505055379
13.034854043461088
13.03045828565438
13.027490285015267
13.024885161878917
13.021518877635039
13.018570305684372
13.016667410568042
13.015224180083043
13.01316491397552
13.009322300590595
13.00577417100941
13.002607202803945
12.998086042076025
12.996703586973384
12.992795445424834
12.98889864028859
12.987636197096212
12.98441272760914
12.982434551205854
12.981059271912974
12.979270861851617
12.97612617879036
12.973367615459878
12.970491002176672
12.967330141243997
12.964477250602908
12.959427447626322
12.955011218471427
12.950179355926895
12.946383759517618
12.942662245498108
12.938934627700691
12.935871545977342
12.932243887062198
12.931408384987336
12.927533276387647
12.922949163465264
12.9209649298491
12.917816859758862
12.91411955308128
12.913173875628452
12.911611424742944
12.909353175008611
12.906087207658265
12.903264605351037
12.899645162575585
12.89627987023076
12.892716083025036
12.889002987596257
12.88613080483805
12.881845874393479
12.878281319992002
12.87350301691088
12.870453412794898
12.867040608107228
12.863260063877416
12.858345800818709
12.854714073695442
12.851201667496696
12.847410812006935
12.844282660317408
12.84031792803056
12.83721900223495
12.83349049076053
12.829968392942204
12.826327384050623
12.822473445362691
12.818836326991978
12.815503409542199
12.811777890235385
12.807778958410537
12.803900421213951
12.799173754353482
12.796106975965346
12.792791181223212
12.788716454901714
12.785688430067065
12.782196232731625
12.77836513670577
12.77506412407333
12.770994775630415
12.76759864689454
12.762743430141084
12.760591068717645
12.757382224413217
12.753936984781724
12.7508242869946
12.747423856455642
12.743362466598189
12.739352300296586
12.735134253238298
12.73229032794877
12.729562332693781
12.727058140709078
12.72429571576254
12.721543095981927
12.719359912733193
12.716171551769927
12.712960138436143
12.709007387257335
12.704868531160818
12.701647644472446
12.697861411515186
12.695355920487565
12.691640587869887
12.68699640579705
12.683326152530224
12.679720493685146
12.675515852835844
12.670645837851866
12.667562616970907
12.663604237951391
12.660954812310816
12.658942615778155
12.657234960854911
12.653503351533534
12.64997833126952
12.644636842215231
12.63966830132323
12.636196804442909
12.632209568392431
12.629114424991617
12.62623821053885
12.623563871521085
12.62115358940305
12.618313819211682
12.615677072667637
12.612019479263632
12.60939032809516
12.606169710135852
12.604088563087117
12.602191534101054
12.598423650300619
12.594875365971705
12.591361066532322
12.588714400533373
12.58616864923003
12.583551452658002
12.579504135632673
12.5764215602544
12.571301133778828
12.56690076598257
12.562136671006458
12.558352082682733
12.55530086049391
12.54991817624573
12.547156123575217
12.54296206438887
12.53944424415975
12.536318865934561
12.532623911319046
12.528556688418444
12.52432975566414
12.519095065039366
12.515798724152894
12.510430046279197
12.50620413915582
12.502078391614809
12.49834919369033
12.494720400483352
12.491295158198309
12.487720194371224
12.48375845094305
12.47979399123756
12.476295582910163
12.472637455011132
12.468934790577801
12.465344901777875
12.461436690476319
12.458139271684741
12.454528656035901
12.450964865657442
12.44761148699991
12.443370587623257
12.440174420330564
12.438018076662383
12.433808702611579
12.428449765107233
12.425387826118268
12.421312662346562
12.417748079323568
12.413559185991046
12.410492761910225
12.408118943743473
12.405645443637155
12.403563527888416
12.399401327332278
12.395672596659393
12.391518429002021
12.388284404424645
12.385161147197573
12.381831433571481
12.377493656512291
12.373820773386885
12.371502088095408
12.36939901994291
12.366473283727448
12.36325365644762
12.35953884766032
12.356806351761024
12.355079856020087
12.3521016711722
12.350262225404322
12.34631695520538
12.342556801219365
12.338977548739521
12.335589370812125
12.33397974327134
12.330036660769945
12.32400724868058
12.320418931071721
12.318308771655946
12.314949895749624
12.31168774848462
12.307243692077758
12.30542681489399
12.302092065229768
12.300019354165999
12.297048425491699
12.294196257935376
12.291354753039487
12.287305631061193
12.284598157046954
12.280348729583954
12.277403516260074
12.273669226120315
12.270116157451401
12.267155227772914
12.26414113142802
12.262669511743818
12.258412611943605
12.254833398940315
12.250734041876015
12.24827107084079
12.244266364282412
12.242245395640596
12.238636647683048
12.234968629689432
12.231730425090424
12.229331398224025
12.226430538257997
12.224145395840646
12.219550192089631
12.216806647333375
12.21467182849998
12.212037452041795
12.21003545531021
12.206527790243495
12.203774648654202
12.199643836253912
12.195809394463609
12.19127983669362
12.186678856280713
12.183282956547938
12.179298790478828
12.1760721741597
12.172834823188357
12.169939993299918
12.166472246996406
12.163094400655499
12.159662209360592
12.156781583046971
12.152859642817212
12.150398777494159
12.145846111884302
12.14279489289917
12.13915554086725
12.135586608094114
12.130773022828064
12.126284354296264
12.122908789814037
12.118914689177405
12.114755103922027
12.112353882137931
12.109764451548799
12.106548830049098
12.10469050325365
12.101846573324197
12.100595593521296
12.09789644370545
12.093066225036768
12.090105222141489
12.086600284727924
12.083509224810173
12.079749065519644
12.074555469380925
12.072397652476115
12.069457118493466
12.06610279815899
12.063133471644626
12.058072938897325
12.055197077575956
12.050005333392596
12.046571098005883
12.043275773411414
12.040689874216778
12.037158877602218
12.033601751918463
12.029111769459648
12.02685780056335
12.02363331276238
12.021672793575608
12.017869993328823
12.013002004858743
12.009662457064216
12.007850250054295
12.005052166565786
12.002883314195861
12.001266514539589
11.999773812003317
11.996170490247556
11.992017535236785
11.987951254564013
11.982167980981181
11.979795928437282
11.976591700129218
11.973559871151876
11.969786277962259
11.966843564098133
11.962837148499206
11.959373338238297
11.956093125049664
11.95305773470415
11.949481707688584
11.94545421207409
11.942447998445513
11.940163812202991
11.937347814182765
11.934452474083438
11.932459467434107
11.929941780290774
11.927113406983842
11.92500667768451
11.922213496414543
11.918609740906511
11.914392719047186
11.911535687568296
11.906616267556156
11.903068151637376
11.898882388184553
11.895414850737016
11.891029674224495
11.887362573897587
11.881469286638593
11.87586464778621
11.873154048731768
11.870393584098261
11.866266025192079
11.863692303796428
11.859865344468634
11.85718930342363
11.854242605456154
11.850769113384077
11.84601426147365
11.843401265761809
11.839387798098485
11.833753356396164
11.829024577080013
11.824598037313374
11.819402859365834
11.816144527120949
11.814952681998037
11.814340868456464
11.812851286195357
11.810707279769442
11.806381979813697
11.803447643830646
11.800297149773396
11.797486793053142
11.793350009605009
11.791219383074411
11.788053949403086
11.786926264216566
11.78562394763522
11.782500841757885
11.778226616140246
11.77698296435371
11.775192648576821
11.773267701657632
11.769461906536566
11.766611540368965
11.761961931311244
11.75735943440005
11.752173091090878
11.74852819650824
11.744711061791477
11.742332603160683
11.74024619754697
11.735132761746558
11.731804927969977
11.729926773073347
11.725872727726403
11.724794664133608
11.721918924024463
11.72063586148124
11.717794309706663
11.7153538678714
11.711062832877404
11.70873865332433
11.70507094817956
11.702555472733446
11.70069094987235
11.695939513513446
11.692843101133038
11.690909035180963
11.687123649907363
11.684546761043782
11.679883231893058
11.676229789853075
11.673021759192427
11.67145588261204
11.666948900056454
11.664004517440043
11.662621649553017
11.660568742785482
11.659418783980666
11.658157962012476
11.654629009627264
11.653172016073844
11.648840020806944
11.645782929718601
11.64413161290532
11.639008313085574
11.636165082257367
11.631931013101571
11.627864197921156
11.623945178700605
11.618877649339334
11.614430990211225
11.610477951322737
11.604821742736345
11.60127668422603
11.59633926840818
11.592616035377391
11.587858158451004
11.583371076377867
11.578905046134693
11.574986320440269
11.571541518596836
11.568702514094598
11.565988128347463
11.561226715951541
11.557753909571337
11.554932988393201
11.55009124040302
11.546529563070568
11.542511287582055
11.538932877009417
11.536370683940376
11.532897511861544
11.530817807400204
11.528533149308341
11.52625718272013
11.523179016825887
11.517561947299887
11.515033629337003
11.511581633151797
11.507793546913206
11.50487013112476
11.5018318171659
11.49716823738828
11.494034124715817
11.492592333443222
11.488572109790832
11.486042012701734
11.4838607882161
11.479763656998319
11.477379584772912
11.474644648164206
11.470866765857911
11.468340616280742
11.463521952996548
11.458487063075406
11.455186813816946
11.451085506075813
11.447858828670098
11.444322892930744
11.440506114756214
11.43730955108931
11.434014183748298
11.430281970432242
11.425830898278157
11.42254873713765
11.419187704038016
11.41580834424031
11.413191742205138
11.408713015226901
11.407139939955451
11.404431237805158
11.40208367154205
11.398260427238213
11.395140684405021
11.391535602706895
11.388832496410265
11.384381112243663
11.379639985154649
11.375549643111773
11.371557137232823
11.367306125799299
11.364521289131995
11.36177464491519
11.360832888690474
11.357797432433935
11.35504616814499
11.352087261837289
11.347216030745566
11.343725763139505
11.338748080757814
11.334648614115023
11.331130745137665
11.32658698359643
11.323514135005658
11.320493432115347
11.317716066034205
11.313386491612457
11.30935627317179
11.306576171687968
11.303896667854826
11.302340106027833
11.298556495804942
11.296563339586775
11.292648756867997
11.288113986416677
11.283848897262924
11.28055846087308
11.275957852970521
11.273774802492728
11.268463675334122
11.265082975391206
11.26148507083309
11.259477724501128
11.255463343861985
11.250753146581252
11.248073534477669
11.24458463848138
11.24094425706384
11.237032226209198
11.23481107299854
11.231416581357339
11.226460772489391
11.222689304144696
11.21846703857515
11.214213654078943
11.210548107265167
11.207749006951856
11.20414926358876
11.19954911921666
11.196258695576521
11.193965775506264
11.191763131266123
11.188789080765591
11.185725314160216
11.182070927893317
11.179627766635887
11.176955776606036
11.175259494888715
11.171419106443077
11.168461676911525
11.164780092731595
11.162241803831337
11.158415515986848
11.154441900137684
11.150856689800136
11.148017292767037
11.144126708354085
11.14045085172764
11.136885140619512
11.134270819205609
11.131989820293146
11.128882253430575
11.125932740413683
11.12405096366185
11.122772609878924
11.11964553448009
11.118578434113825
11.1153071636245
11.111201802468784
11.109437567852549
11.104512048448816
11.101587819795231
11.09752770983754
11.092734053299223
11.090415952461003
11.085464367409646
11.083929947691292
11.082479832565404
11.081609591406622
11.08080299777928
11.08054785226332
11.07971243980922
11.07769081489413
11.07388719388043
11.07087019169448
11.06728464190366
11.064201919421917
11.059934379847169
11.056166210293208
11.05223398118874
11.04923167909736
11.045344773883123
11.042598377667218
11.038615870716168
11.036296775731108
11.03264353757628
11.030638793576424
11.028811656263724
11.02487352006416
11.020795154681897
11.020053932394351
11.014271872295552
11.012232120576934
11.01117017732821
11.00778195250844
11.00620357153252
11.000860295565868
10.997846676711891
10.995024341534876
10.993042833070014
10.99145337657507
10.988894365605187
10.987305042450345
10.98470282213349
10.982587736215715
10.976592972223392
10.974197043036284
10.970471732205073
10.96621519839667
10.961829190780938
10.957837411161504
10.95492882777223
10.951505055270873
10.948469335163647
10.945642244677522
10.94209202185629
10.937647740470373
10.933369183049848
10.929401222297582
10.926716231427013
10.92531593013661
10.922735619226563
10.917695656675603
10.914471501187998
10.909098328804925
10.905510332248081
10.902251494035834
10.899779468574591
10.898571562449938
10.897438533030908
10.894798313356308
10.891821129772266
10.887629765995555
10.882939435889671
10.87763762253997
10.874682477627953
10.86934560106177
10.866595041903924
10.864349006596191
10.861219185121744
10.860117487852529
10.855205958093029
10.852922005873832
10.851270019326723
10.84887495222093
10.84777529134056
10.845190393426297
10.842160279288743
10.837610698762353
10.833608946563507
10.830564148048719
10.828096940730612
10.824653179768957
10.822322740250272
10.819937121793519
10.816784062828027
10.812932655756818
10.808905561282645
10.806110852390354
10.802766445260147
10.798607998794333
10.79769867026824
10.79795704731298
10.796341548410748
10.793820371013975
10.788387839916892
10.785863610008894
10.781947772655935
10.778871320745935
10.774828672803979
10.77213969171168
10.768603630862875
10.763724062835394
10.760144818637801
10.756958010723567
10.75386061087087
10.75183120773907
10.748986021490591
10.74567238573425
10.741635601066339
10.73946944300685
10.737329940047061
10.734268926210074
10.731497569630879
10.72904490161615
10.724161925477178
10.719670617990081
10.714067643554191
10.710716218128667
10.708129463701399
10.703318209423525
10.700254892689777
10.697213498795222
10.693634392434534
10.689674797615725
10.68653053080817
10.684575398198124
10.682011882401815
10.677906952203234
10.674570788263008
10.669840977036358
10.66733691531826
10.664400294457284
10.660894165267015
10.658260362297181
10.653331677744296
10.650284395343432
10.648321166291144
10.64475728341295
10.641375870660392
10.637674394240841
10.636359459889835
10.635041189886795
10.632651454653772
10.629683556532255
10.626669923387496
10.625419363439605
10.621456746585501
10.619448126841457
10.616339555371571
10.613095927610775
10.607436497197078
10.603506068772035
10.59846991568142
10.595584200219688
10.591123041867405
10.589510740919255
10.58623828281391
10.583451649491076
10.581202336579247
10.5763420963986
10.572489027657731
10.568280863667558
10.563850871601385
10.5609383169578
10.556629488879366
10.552704717633855
10.549219031027555
10.544909214410572
10.542304517675289
10.53810538669575
10.535084784840771
10.531719767499224
10.529900919420314
10.525634753223759
10.52291989249478
10.520609183031517
10.516885614640245
10.513195792706833
10.510195391598835
10.508122365940462
10.504699078599264
10.50346679887743
10.501655237828704
10.499878429870696
10.498051551404732
10.494797799466708
10.492054736156286
10.489272668631262
10.485367498470998
10.482580777974967
10.479600085793036
10.476938887392794
10.474364106446757
10.471966471548907
10.467601976609545
10.466493712390252
10.463051228500765
10.45840778478851
10.454458341150316
10.450745876452034
10.447095383332908
10.444638168819582
10.441042301812377
10.438578773293246
10.435013250283289
10.431474972320634
10.427221284585238
10.422976642209724
10.417730011827684
10.412929987942988
10.40991141094997
10.406412653807992
10.402061792558987
10.398561572002059
10.396568769836096
10.393288053467138
10.391871730218398
10.389519201191952
10.387590511630679
10.385362016710335
10.383995968282475
10.380569368647496
10.37497480161111
10.370180416187717
10.367040280083643
10.364104131671503
10.360319572392648
10.35731781534463
10.352525205195096
10.349688761420664
10.34629061648747
10.343281729405575
10.340986523532047
10.339568520416618
10.337279285994843
10.335986144171025
10.332477659567944
10.33122518140292
10.330482303087052
10.32686476604256
10.324278787662973
10.322449209825535
10.31890565651858
10.314345896200246
10.31096922987065
10.307578026496222
10.305872795156588
10.304541246116008
10.301654058291918
10.297271740400104
10.292446984069082
10.288100808142145
10.284219067089055
10.279930544255496
10.278075028285643
10.275769924419212
10.274419103668144
10.271932694567816
10.269130577548227
10.265884755009148
10.26246629912522
10.25746299640938
10.254861395153664
10.25106896902001
10.246373348776574
10.243543882293404
10.241269413537982
10.237963666801358
10.233710022044809
10.230854654404077
10.228080445221767
10.22534888033216
10.22206169145275
10.219790900445016
10.218458001072499
10.215441857636394
10.212725015179808
10.21041590086357
10.20708354543595
10.204943902816492
10.202715246502375
10.20050613132089
10.197509448291736
10.19490961206008
10.192614585747284
10.189908249951507
10.186520756372497
10.18102365092717
10.178640812103584
10.17462789947877
10.172949841012418
10.169630082568938
10.169123996422615
10.167370439583435
10.166122904592113
10.16395111555774
10.162525170296654
10.159006016342827
10.154378505590456
10.150958628196845
10.148795978340036
10.14575720443416
10.143011473056722
10.14084773634174
10.137355279815369
10.134783307094713
10.131693317338975
10.127278675676465
10.12419221444962
10.12053963400313
10.115787297258677
10.111901464953698
10.108892683674714
10.106216980175567
10.103279454278676
10.100032386264434
10.096841867456234
10.093622895315816
10.090676866367714
10.086485756149816
10.08382606581621
10.080538076081988
10.077652794609993
10.0751221159091
10.071923609293782
10.06867881750726
10.066810845149243
10.064150074675167
10.060850313983611
10.05752503201365
10.05437054995066
10.051067731621277
10.047896962946217
10.04494000199825
10.042347607453316
10.039312262517008
10.035722892668836
10.033257709377239
10.031846413031907
10.027577964574766
10.02360429355016
10.019727981914142
10.014940334362489
10.009966258531025
10.004772527302471
10.001760545753172
9.997170943381498
9.992864932403933
9.988468423273183
9.984118663222018
9.981036726775903
9.977552737092747
9.975525451901152
9.973995134168716
9.969874915990927
9.966973205223171
9.962786025762561
9.958804750982544
9.954962280004148
9.949987076029057
9.946729182867466
9.942974159477448
9.93869127595286
9.935711975845368
9.931462574261147
9.929407566310818
9.925991573868547
9.920297969531493
9.91685411797787
9.912727259551197
9.91025423118567
9.906816245614129
9.904393671620735
9.903024717155583
9.90138103712846
9.897871108908289
