3554.8862382789002
3552.8262031444706
3550.774720673355
3548.7317858929264
3546.6973938376195
3544.67153954893
3542.65421807542
3540.645424472711
3538.645153803491
3536.653401137507
3534.6701615515713
3532.6954301295573
3530.729201962406
3528.7714721481143
3526.822235791748
3524.881488005432
3522.949223908355
3521.025438626772
3519.1101272939936
3517.2032850504
3515.3049070434317
3513.414988427592
3511.533524364447
3509.660510022626
3507.7959405778224
3505.9398112127897
3504.0921171173472
3502.252853488375
3500.4220155298176
3498.5995984526808
3496.785597475033
3494.98000782201
3493.182824725803
3491.3940434256747
3489.6136591679433
3487.841667205991
3486.0780628002685
3484.3228412182843
3482.57599773461
3480.8375276308816
3479.107426195798
3477.38568872512
3475.672310521672
3473.9672868953407
3472.2706131630766
3470.5822846488923
3468.902296683863
3467.2306446061284
3465.5673237608885
3463.9123295004083
3462.265657184017
3460.6273021781003
3458.9972598561167
3457.3755255985784
3455.7620947930645
3454.156962834218
3452.5601251237435
3450.9715770704074
3449.391314090041
3447.8193316055367
3446.25562504685
3444.700189851002
3443.153021462074
3441.614115331209
3440.083466916617
3438.5610716835686
3437.046925104394
3435.541022658494
3430.3569449872402
3422.4725745218193
3414.607838409189
3406.7627171327404
3398.9371912151046
3390.3920381178127
3381.042249905979
3371.7142802694043
3362.4080996892194
3353.123678689758
3343.860987838552
3334.6199977463316
3325.40067906703
3316.2030024977803
3307.0269387789153
3297.872458693963
3288.7395330696577
3279.6281327759316
3270.538228725918
3261.469791875947
3252.4227932255512
3243.397203817461
3234.3929947376123
3225.410137115134
3216.4486021223597
3207.5083609748203
3198.589384931249
3189.6916452935757
3180.815113406935
3171.9597606596562
3163.1255584832757
3154.3124783525204
3145.520491785326
3136.7495703428226
3127.999685629344
3119.2708092924186
3110.562913022783
3101.875968554367
3093.209947664302
3084.5648221729216
3075.9405639437573
3067.33714488354
3058.7545369422023
3050.192712112878
3041.651642431897
3033.1312999787915
3024.631656876294
3016.152685290338
3007.694357430052
2999.256645547773
2990.8395219390277
2982.4429589425517
2974.066928940276
2965.7114043573315
2957.376357662052
2949.0617613659697
2940.7675880238153
2932.4938102335204
2924.240400636219
2916.007331916241
2907.7945768011205
2899.602108061589
2891.429898511578
2883.2779210082185
2875.146148451844
2867.0345537859876
2858.9431099973776
2850.8717901159494
2842.8205672148338
2834.789414410364
2826.7783048620704
2818.7872117726856
2810.8161083881414
2802.8649679975706
2794.933763933305
2787.0224695708766
2779.131058329016
2771.259503669656
2763.4077790979313
2755.5758581621703
2747.7637144539076
2739.9713216078726
2732.1986533020004
2724.445683257421
2716.712385238466
2708.998733052669
2701.304700550762
2693.630261626675
2685.975390217542
2678.3400603036953
2670.724245908665
2663.1279210991847
2655.5510599851855
2647.9936367198006
2640.4556254993613
2632.9370005633996
2625.437736194648
2617.957806719036
2610.4971865057005
2603.0558499669696
2595.6337715583763
2588.2309257786524
2580.8472871697318
2573.482830316743
2566.1375298480225
2558.8113604350992
2551.5042967927056
2544.2163136787744
2536.947385894437
2529.6974882840263
2522.466595735073
2515.25468317831
2508.0617255876696
2500.8876979802835
2493.732575416483
2486.5963329998012
2479.47894587697
2472.380389237921
2465.3006383157863
2458.2396683868983
2451.1974547707887
2444.1739728301895
2437.1691979710326
2430.1831056424508
2423.215671336775
2416.2668705895385
2409.3366789794723
2402.425072128509
2395.5320257017797
2388.6575154076186
2381.8015169975556
2374.964006266323
2368.1449590518537
2361.3443512352783
2354.5621587409314
2347.798357536343
2341.0529236322463
2334.325833082571
2327.6170619844515
2320.9265864782187
2314.2543827474055
2307.6004270187436
2300.9646955621643
2294.347164690802
2287.747810760986
2281.1666101722476
2274.603539367322
2268.0585748321405
2261.5316930958325
2255.0228707307333
2248.532084352374
2242.0593106194847
2235.6045262339994
2229.16770794105
2222.7488325289673
2216.3478768292857
2209.964817716735
2203.5996321092484
2197.2522969679567
2190.922789297194
2184.61108614449
2178.3171646005785
2172.04100179939
2165.7825749180574
2159.5418611769137
2153.318837839489
2147.113482212517
2140.925771645928
2134.755683532856
2128.603195309632
2122.4682844557883
2116.3509284940565
2110.2511049903687
2104.1687915538573
2098.103965836853
2092.056605534891
2086.0266883867002
2080.014192174214
2074.0190947225638
2068.0413739000824
2062.0810076183016
2056.1379738319524
2050.212250538969
2044.3038157804815
2038.4126476408223
2032.5387242475242
2026.6820237713182
2020.8425244261373
2015.0202044691125
2009.215042200577
2003.4270159640616
1997.6561041462994
1991.9022851772222
1986.1655375299617
1980.445839720851
1974.7431703094198
1969.0575078984023
1963.3888311337298
1957.7371187045342
1952.1023493431476
1946.4845018251017
1940.8835549691294
1935.2994876371627
1929.7322787343335
1924.181907208972
1918.6483520526124
1913.1315922999866
1907.6316070290263
1902.1483753608625
1896.681876459828
1891.232089533455
1885.7989938324758
1880.3825686508223
1874.9827933256263
1869.5996472372194
1864.2331098091342
1858.8831605081032
1853.5497788440575
1848.2329443701294
1842.9326366826506
1837.648835421154
1832.3815202683713
1827.1306709502342
1821.896267235875
1816.6782889376252
1811.4767159110181
1806.2915280547843
1801.122705310857
1795.9702276643673
1790.8340751436479
1785.7142278202311
1780.6106658088477
1775.5233692674308
1770.4523183971116
1765.397493442223
1760.3588746902965
1755.336442472064
1750.3301771614583
1745.340059175611
1740.366068974854
1735.4081870627188
1730.466393985939
1725.5406703344454
1720.6309967413695
1715.737353883045
1710.8597224790026
1705.9980832919753
1701.1524171278938
1696.3227048358915
1691.5089273082995
1686.7110654806513
1681.9291003316766
1677.163012883309
1672.412784200681
1667.678395392123
1662.9598276091688
1658.2570620465492
1653.570079942196
1648.8988625772424
1644.2433912760196
1639.6036474060593
1634.9796123780948
1630.3712676460573
1625.7785947070788
1621.2015751014915
1616.6401904128277
1612.0944222678195
1607.5642523363979
1603.0496623316951
1598.5506340100446
1594.0671491709772
1589.599189657225
1585.1467373547205
1580.7097741925952
1576.2882821431815
1571.882243222012
1567.4916394878178
1563.1164530425306
1558.7566660312834
1554.4122606424073
1550.0832191074364
1545.7695237011
1541.4711567413317
1537.1881005892637
1532.9203376492273
1528.6678503687547
1524.4306212385777
1520.2086327926288
1516.0018676080397
1511.8103083051435
1507.6339375474702
1503.4727380417537
1499.3266925379248
1495.1957838291164
1491.0799947516605
1486.9793081850885
1482.8937070521324
1478.823174318725
1474.7676929939978
1470.7272461302823
1466.7018168231118
1462.6913882112174
1458.6959434765315
1454.7154658441868
1450.7499385825142
1446.7993450030456
1442.863668460514
1438.9428923528512
1435.0370001211882
1431.1459752498586
1427.2698012663936
1423.408461741525
1419.561940289186
1415.730220566507
1411.9132862738209
1408.1111211546597
1404.3237089957563
1400.5510336270402
1396.7930789216464
1393.0498287959051
1389.3212672093491
1385.6073781647096
1381.9081457079192
1378.2235539281105
1374.5535869576147
1370.898228971964
1367.2574641898902
1363.631276873326
1360.0196513274034
1356.422571900454
1352.8400229840101
1349.2719890128028
1345.718454464766
1342.1794038610299
1338.6548217659272
1335.1446927869904
1331.6490015749512
1328.1677328237415
1324.7008712704935
1321.2484016955386
1317.81030892241
1314.3865778178388
1310.9771932917579
1307.5821402972986
1304.2014038307927
1300.834968931773
1297.482820682971
1294.1449442103187
1290.8213246829484
1287.5119473131926
1284.2167973565822
1280.9358601118504
1277.6691209209287
1274.4165651689484
1271.1781782842424
1267.9539457383432
1264.7438530459815
1261.5478857650905
1258.3660294968015
1255.1982698854472
1252.0445926185591
1248.9049834268694
1245.7794280843098
1242.6679124080129
1239.5704222583104
1236.4869435387343
1233.4174621960171
1230.36196422009
1227.3204356440856
1224.2928625443362
1221.279231040373
1218.2795272949288
1215.2937375139347
1212.3218479465245
1209.3638448850284
1206.4197146649792
1203.4894436651089
1200.5730183073495
1197.6704250568334
1194.7816504218918
1191.9066809540575
1189.045503248062
1186.1981039418374
1183.364469716516
1180.54458729643
1177.738443449111
1174.9460249852912
1172.1673187589029
1169.4023116670774
1166.6509906501474
1163.9133426916446
1161.1893548183014
1158.4790141000494
1155.7823076500208
1153.099222624548
1150.4297462231623
1147.7738656885965
1145.131568306782
1142.5028414068513
1139.8876723611359
1137.2860485851681
1134.6979575376806
1132.1233867206042
1129.5623236790716
1127.0147560014152
1124.4806713191663
1121.960057307057
1119.4529016830202
1116.959192208187
1114.4789166868898
1112.0120629666608
1109.5586189382316
1107.1185725355342
1104.691911735701
1102.2786245590644
1099.8786990691553
1097.4921233727068
1095.1188856196507
1092.7589740031183
1090.4123767594424
1088.0790821681549
1085.7590785519876
1083.4523542768727
1081.1588977519425
1078.8786974295288
1076.6117418051626
1074.3580194175777
1072.1175188487055
1069.8902287236776
1067.6761377108262
1065.4752345216834
1063.2875079109817
1061.1129466766527
1058.951539659828
1056.8032757448404
1054.6681438592216
1052.5461329737036
1050.4372321022183
1048.341430301898
1046.2587166730746
1044.1890803592803
1042.1325105472467
1040.0889964669068
1038.0585273913912
1036.0410926370332
1034.036681563364
1032.0452835731164
1030.0668881122212
1028.1014846698122
1026.14906277822
1024.2096120129772
1022.2831219928157
1020.3695823796675
1018.4689828786647
1016.581313238139
1014.7065632496234
1012.844722747849
1010.995781610748
1009.1597297594526
1007.3365571582951
1005.5262538148071
1003.7288097797206
1001.9442151469681
1000.1724600536809
998.4135346801919
996.6674292500325
994.9341340299346
993.213639329831
991.5059355028532
989.8110129453333
988.1288620968033
986.4594734399956
984.8028375008413
983.1589448484735
981.5277860952237
979.9093518966241
978.3036329514067
976.7106200015035
975.130303832046
973.5626752713675
972.0077251909989
970.4654445056726
968.9358241733207
967.4188551950754
965.914528615268
964.4228355214318
962.9437670442977
961.4773143577979
960.023468679065
958.5822212684303
957.1535634294263
955.7374865087852
954.3339818964389
952.9430410255188
951.564655372358
950.1988164564876
948.8455158406401
947.5047451307477
946.1764959759421
944.8607600685551
943.5575291441194
942.2667949813664
940.9885494022286
939.722784271838
938.4694914985259
937.2286630338255
936.0002908724681
934.7843670523857
933.5808836547105
932.3898328037749
931.2112066671104
930.0449974554492
928.891197422723
927.7497988660646
926.6207941258054
925.5041755854777
924.3999356718136
923.3080668547448
922.2285616474037
921.1614126061222
920.1066123304322
919.0641534630661
918.0340286899552
917.0162307402323
916.010752386229
915.0175864434775
914.0367257707101
913.0681632698582
912.1118918860542
911.1679046076306
910.2361944661179
909.3167545362496
908.409577935958
907.514657826374
906.6319874118301
905.7615599398578
904.9033687011901
904.0574070297586
903.2236683026952
902.4021459403319
901.5928334062011
900.7957242070345
900.0108118927641
899.2380900565221
898.4775523346409
897.7291924066517
896.9930039952872
896.2689808664791
895.557116829359
894.8574057362601
894.169841482714
893.494418007452
892.8311292924069
892.1799693627106
891.5409322866948
890.9140121758916
890.2992031850339
889.6964995120522
889.1058953980796
888.5273851274483
887.9609630276894
887.4066234695356
886.8643608669191
886.3341696769714
885.8160444000248
885.3099795796112
884.8159698024629
884.3340096985114
883.8640939408896
883.4062172459287
882.960374373161
882.5265601253185
882.1047693483339
881.694996931338
881.297237806664
880.911486949843
880.5377393796077
880.1759901578899
879.8262343898216
879.4884672237348
879.1626838511611
878.8488795068338
878.547049468684
878.2571890578437
877.9792936386451
877.7133586186203
877.4593794485013
877.2173516222202
876.9872706769088
876.7691321928994
876.5629317937238
876.3686651461145
876.1863279600024
876.0159159885212
875.8574250280017
875.7108509179764
875.576189541177
875.4534368235358
875.3425887341848
875.2436412854559
875.1565905328813
875.0814325751928
875.0181635543232
874.9667796554033
874.9272771067663
874.8996521799435
874.8839011896669
874.8800204938691
874.8880064936816
874.1921424100245
873.504738426864
872.8257959273817
872.1553163232127
871.4933010544444
870.8397515896161
870.1946694257193
869.5580560881998
868.9299131309533
868.3102421363291
867.6990447151295
867.096322506608
866.5020771784717
865.916310426879
865.3390239764417
864.7702195802234
864.2098990197408
863.6580641049619
863.1147166743078
862.5798585946529
862.053491761322
861.5356180980941
861.0262395571998
860.5253581193227
860.0329757935979
859.549094617614
859.0737166574105
858.6068440074811
858.1484787907709
857.6986231586781
857.2572792910521
856.8244493961959
856.4001357108647
855.9843405002657
855.577066058059
855.1783147063567
854.7880887957232
854.4063907051761
854.033222842185
853.668587642672
853.3124875710108
852.9649251200291
852.6259028110057
852.2954231936723
851.9734888462134
851.6601023752647
851.3552664159159
851.0589836317085
850.7712567146358
850.4920883851439
850.2214813921321
849.9594385129512
849.7059625534046
849.4610563477486
849.2247227586911
848.9969646773927
848.7777850234673
848.5671867449803
848.3651728184495
848.1717462488455
847.9869100695913
847.8106673425618
847.6430211580854
847.4839746349421
847.3335309203642
847.1916931900367
847.0584646480976
846.9338485271362
846.817848088195
846.7104666207691
846.6117074428048
846.5215739007024
846.4400693693138
846.367197251943
846.3029609803473
846.2473640147354
846.2004098437695
846.1621019845635
846.1324439826843
846.1114394121502
846.0990918754331
846.0954050034564
846.100382455597
846.0653786727645
846.0337270821623
846.0054243888368
845.9804673093868
845.9588525719644
845.9405769162735
845.9256370935713
845.9140298666667
845.9057520099228
845.9008003092539
845.8991715621279
845.9008625775645
846.4619371746295
845.6863127042866
843.6927477512509
841.7155712175627
839.7547699874517
837.8103309889559
835.8822411939223
833.9704876180056
832.0750573206691
830.1959374051845
828.3331150186326
826.4865773519012
824.6563116396879
822.842305160498
821.0445452366451
819.2630192342513
817.4977145632472
815.7486186773722
814.0157190741729
812.2990032950058
810.5984589250344
808.9140735932319
807.2458349723789
805.5937307790654
803.9577487736877
802.3378767604535
800.7341025873764
799.1464141462795
797.5747993727948
796.0192462463611
794.4797427902274
792.9562770714499
791.4488372008934
789.9574113332311
788.4819876669454
787.0225544443257
785.579099951471
784.1516125182878
782.7400805184923
781.3444923696072
779.9648365329651
778.6011015137067
777.2532758607805
775.9213481669442
774.6053070687633
773.3051412466119
772.0208394246727
770.7523903709364
769.4997828972025
768.2630058590786
767.0420481559808
765.8368987311335
764.6475465715699
763.4739807081312
762.3161902154667
761.1741642120352
760.0478918601026
758.9373623657443
757.8425649788429
756.7634889930907
755.7001237459875
754.6524586188419
753.6204830367708
752.6041864686995
751.6035584273615
750.618588469299
749.6492661948622
748.6955812482104
747.7575233173108
746.8350821339388
745.9282474736787
745.037009155923
744.1613570438723
743.3012810445362
742.4567711087318
741.6278172310858
740.8144094500326
740.0165378478146
739.234192550483
738.4673637278981
737.7160415937273
736.9802164054477
736.2598784643435
735.5550181155082
734.8656257478435
734.1916917940595
733.533206730674
732.8901610780148
732.2625454002167
731.6503503052232
731.0535664447864
730.4721845144666
729.906195253633
729.3555894454623
728.8203579169407
728.3004915388618
727.7959812258283
727.3068179362504
726.8329926723483
726.3744964801488
725.931320449488
725.5034557140108
725.0908934511696
723.8558618248984
722.41752971253
720.9866683508046
719.5632703791244
718.1473284824906
716.7388353915047
715.337783882369
713.9441667768854
712.5579769424548
711.1792072920791
709.8078507843607
708.4439004235005
707.0873492593009
705.738190387163
704.3964169480888
703.0620221286803
701.734999161139
700.4153413232665
699.1030419384643
697.7980943757346
696.5004920496792
695.2102284204993
693.9272969939973
692.651691321574
691.3834050002318
690.1224316725722
688.8687650267971
687.622398796708
686.3833267617065
685.1515427467947
683.927040622574
682.7098143052464
681.4998577566136
680.297164984077
679.1017300406387
677.9135470249
676.7326100810631
675.5589133989291
674.3924512139004
673.2332178069785
672.0812075047646
670.9364146794612
669.7988337488699
668.6684591763917
667.5452854710289
666.4293071873832
665.3205189256562
664.2189153316499
663.1244910967656
662.0372409580054
660.9571596979706
659.884242144863
658.8184831724848
657.7598777002372
656.7084206931223
655.6641071617414
654.6269321622967
653.5968907965895
652.5739782120218
651.5581896015949
650.549520203911
649.5479653031717
648.5535202291787
647.5661803573335
646.5859411086382
645.6127979496945
644.6467463927034
643.6877819954673
642.735900361388
641.791097139467
640.8533680243058
639.9227087561063
638.9991151206705
638.0825829493999
637.1731081192963
636.2706865529608
635.375314218596
634.4869871300033
633.605701346584
632.7314529733407
631.8642381608743
631.004053105387
630.1508940486801
629.3047572781559
628.4656391268156
627.6335359732611
626.8084442416942
625.9903604019166
625.1792809693297
624.3752025049358
623.5781216153362
622.7880349527326
622.004939214927
621.2288311453211
620.4597075329162
619.6975652123143
618.9424010637174
618.1942120129269
617.4529950313442
616.7187471359717
615.9914653894108
615.2711468998631
614.5577888211307
613.8513883526148
613.1519427393174
612.4594492718402
611.7739052863852
611.0953081647538
610.4236553343474
609.7589442681681
609.1011724848178
608.4503375484978
607.8064370690104
607.1694687017568
606.5394301477388
605.9163191535582
605.3001335114168
604.690871059116
604.0885296800581
603.4931073032445
602.9046019032766
602.3230115003564
601.7483341602859
601.1805679944663
600.6197111598998
600.0657618591878
599.518718340532
598.9785788977343
598.4453418701963
597.91900564292
597.3995686465066
596.7977061326984
595.7837863489862
594.6890175716899
593.6027165245921
592.5248767471966
591.4554918191862
590.394555360425
589.3420610309561
588.2980025310042
587.2623736009731
586.2351680214471
585.216379613191
584.2060022371494
583.2040297944475
582.2104562263903
581.2252755144631
580.2484816803316
579.2800687858414
578.3200309330186
577.3683622640693
576.4250569613797
575.4901092475166
574.5635133852267
573.6452636774368
572.7353544672541
571.8337801379657
570.9405351130395
570.0556138561229
569.179010871044
568.310720701811
567.4507379326121
566.5990571878159
565.755673131971
564.9205804698062
564.0937739462308
563.275248346334
562.4649984953854
561.6630192588345
560.8693055423114
560.0838522916262
559.3066544927686
558.5377071719101
557.7770053954006
557.024544269771
556.2803189417328
555.5443245981769
554.8165564661753
554.0970098129787
552.1968644928126
549.9102282097996
547.6344440521842
545.369499308836
543.1153813107384
540.8720774309885
538.6395750847973
536.4178617294892
534.2069248645029
532.0067520313904
529.8173308138175
527.6386488375642
525.4706937705239
523.3134533227034
521.1669152462242
519.0310673353208
516.9058974263415
514.791393397749
512.6875431701189
510.59433470614147
508.5117560106197
506.4397951304713
504.3784401547271
502.3276792145321
500.2875004831448
498.2578921759375
496.23884255039644
494.23033990612157
492.2323725848263
490.2449289703379
488.2679974885981
486.30156660766136
484.34562483769645
482.4001607309859
480.4651628819257
478.54061992702634
476.62652054491105
474.7228534563173
472.8296074240967
470.9467712532141
469.07433379074814
467.2122839258916
465.3606105899506
463.51930275634527
461.68834944060956
459.8677397003907
458.05746263545035
456.2575073876636
454.4678631410191
452.6885191216199
450.919464597682
449.16068887953566
447.4121813196247
445.6739313125072
443.94592829485407
442.2281617454509
440.5206211851965
438.82329617710366
437.1361763262988
435.4592512800223
433.7925107276279
432.13594440058347
430.4895420724707
428.8532935589849
427.2271887179349
425.6112174492436
424.0053696949477
422.4096354391975
420.8240047082571
419.24846757050426
417.6830141364307
416.1276345586417
414.5823190318565
413.04705779290816
411.52184112074303
410.00665933642176
408.50150280311857
407.0063619261215
405.521227152832
404.0460889727656
402.5809379175515
401.12576456093313
399.6805595187667
398.24531344902323
396.82001705178664
395.404661069255
393.9992362857404
392.60373352766817
391.21814366357785
389.84245760412233
388.4766663020685
387.1207607522971
385.77473199180247
384.4385710996927
383.11226919718973
381.7958174476292
380.48920705646066
379.1924292712472
377.9054753816658
376.62833671950705
375.3610046586755
374.10347061518956
372.8557260471811
371.6177624548958
370.3895713806932
369.1711444090467
367.96247316654336
366.76354932188383
365.5743645858828
364.39491071146864
363.2251794936833
362.06516276968273
360.9148524187365
359.77424036222806
358.6433185636543
357.52207902862654
356.41051380486914
355.30861498222055
354.216374692633
353.13378511017265
352.0608384510188
350.9975269734652
349.94384297791913
348.89977880690134
347.8653268450467
346.8404795191037
345.8252292979348
344.81956869251576
343.8234902559366
342.83698658340074
341.86005031222555
340.89267412184233
339.9348507337956
338.986572911744
338.04783346146024
337.1186252308302
336.19894110985376
335.28877403064445
334.38811696742994
333.4969629365514
332.61530499646375
331.7431362477356
330.8804498330494
330.02723893720145
329.1834967871017
328.34921665177393
327.5243918423557
326.7090157120982
325.90308165636657
325.1065831126394
324.3195135605094
323.541866521683
322.7736355599801
322.0148142813345
321.265396333794
320.5253754075199
319.79474523478723
319.0734995899849
318.36163228961567
317.6591371922959
316.96600819875573
316.2822392518391
315.6078243365038
314.9427574798211
314.28703275097655
313.64064426126873
313.00358616411063
312.3758526550287
311.7574379716634
311.1483363937684
310.54854224321167
309.95804988397487
309.37685372215304
308.8049482059555
308.242327825705
307.6889871138382
307.1449206449054
306.6101230355708
306.08458894461216
305.5683130729211
305.0612901635032
304.5635150014776
304.074982414077
303.59568727064834
303.12562448265214
302.6647890036623
302.21317582936706
301.77077999756807
301.3375965881809
300.91362072323454
300.4988475668724
300.09327232535094
299.696890247041
299.30969662242677
298.9316867841062
298.5628561067913
298.20320000730754
297.85271394459426
297.51139341970475
297.1792339758057
296.8562311981779
296.5423807142156
296.2376781934271
295.94211934743424
295.6556999299728
295.378415736892
295.11026260615546
294.85123641783974
294.60133309413567
294.360548599348
294.1288789398947
293.90632016430806
293.6928683632334
293.4885196694308
293.29327025777326
293.10711634524796
292.93005419095556
292.7620800961108
292.60319040404204
292.45338150019126
292.3126498121144
292.1809918094812
292.05840400407504
291.94488294979294
291.84042524264584
291.7450275207585
291.65868646436934
291.5813987958306
291.51316127960814
291.45397072228184
291.403823972545
291.362717921205
291.3306495011829
291.3076156875134
291.293613497345
291.2886399899401
291.2926922666747
291.11405294452885
290.94032387088566
290.77150230474626
290.60758553761775
290.4485708935128
290.29445572895
290.14523743295416
290.00091342705525
289.86148116528955
289.7269381341988
289.59728185283075
289.4725098727391
289.35261977798325
289.2376091851284
289.12747574324544
289.0222171339113
288.9218310712086
288.8263153017259
288.7356676045575
288.6498857913035
288.5689677060698
288.49291122546833
288.4217142586165
288.3553747471378
288.29389066516137
288.2372600193225
288.18548084876187
288.13855122512615
288.0964692525679
288.0592330677456
288.0268408398232
287.9992907704708
287.9765810938641
287.9587100766848
287.9456760181203
287.9374772498639
287.9341121361145
287.93557907357734
288.2972377144102
288.23535988787074
288.2733396742974
288.2150642419458
288.1558605830538
287.9508927975388
287.944126538031
287.8883598021726
287.8372611316073
287.7908307515022
287.749068909087
287.71197587365407
287.6795519365583
287.6517974112175
287.6287126331117
287.61029795978425
287.5965537708403
287.5874804679483
287.5830784748392
287.58334823730644
287.7777079163235
287.7739471281059
287.70421393942115
287.6851028525139
287.60227972286947
287.2920430098321
286.9845225728841
286.6797159131671
286.37762055021
286.0782340219283
285.78155388462415
285.48757771298636
285.1963031000907
284.90772765739985
284.62184901476274
284.33866482041543
284.0581727409806
283.78037046146784
283.5052556852732
283.2328261341798
282.9630795483573
282.69601368636216
282.43162632513764
282.1699152600138
281.9108783047072
281.65451329132145
281.4008180703468
281.14979051066024
280.90142849952554
280.65572994259315
280.4126927639002
280.1723149058711
279.9345943293162
279.69952901343305
279.46711695580615
279.23735617240635
279.01024469759153
278.78578058410613
278.5639619030814
278.3447867440354
278.1282532148731
277.9143594418858
277.70310356975176
277.4944837615362
277.2884981986909
277.08514508105424
276.8844226268516
276.686329072695
276.4908626735835
276.2980217029024
276.107804452424
275.9202092323074
275.7352343710985
275.55287821572983
275.37313913152065
275.1960155021771
275.02150572979207
274.84960823484505
274.68032145620225
274.51364385111697
274.3383105716635
272.9219064629686
271.51211103971974
270.1089119427601
268.71229685257447
267.32225348928995
265.93876961267534
264.5618330221412
263.1914315567402
261.827553095167
260.47018555575767
259.11931689649094
257.7749351149868
256.4370282485076
255.1055843739571
253.7805916078815
252.46203810646858
251.14991206554797
249.84420172059154
248.54489534671274
247.25198125866714
245.96544781085208
244.68528339730688
243.41147645171256
242.14401544739255
240.88288889731155
239.6280853540766
238.3795934099366
237.1374016967822
235.90149888614604
234.67187368920267
233.44851485676844
232.23141117930177
231.02055148690303
229.81592464931418
228.61751957591943
227.42532521574466
226.2393305574578
225.0595246293687
223.88589649942884
222.71843527523205
221.55713010401368
220.40197017265115
219.25294470766386
218.110042975213
216.97325428110162
215.84256797077478
214.71797342931944
213.59946008146446
212.4870173915805
211.3806348636803
210.28030204141842
209.18600850809125
208.09774388663718
207.01549783963657
205.93926006931144
204.86902031752598
203.80476836578626
202.7464940352401
201.69418718667723
200.64783772052942
199.60743557687027
198.5729707354154
197.54443321552205
196.5218130761897
195.50510041605952
194.49428537341473
193.48935812618026
192.4903088919232
191.49712792785226
190.50980553081834
189.52833203731404
188.552697823474
187.58289330507463
186.61890893753431
185.66073521591343
184.70836267491407
183.76178188888042
182.82098347179854
181.88595807729615
180.95669639864332
180.0331891687516
179.11542716017465
178.2034011851081
177.29710209538936
176.3965207824977
175.50164817755444
174.61247525132276
173.72899301420776
172.85119251625628
171.97906484715736
171.1126011362417
170.25179255248196
169.39663030449282
168.54710564053073
167.70320984849405
166.86493425592323
166.0322702300004
165.20520917754965
164.38374254503714
163.56786181857075
162.75755852390023
161.95282422641745
161.15365053115596
160.36002908279144
159.57195156564126
158.78940970366483
158.01239526046342
157.24090003928018
156.47491588300028
155.71443467415062
154.95944833490017
154.2099488270598
153.46592815208203
152.7273783510616
151.994291504735
151.26665973348074
150.54447519731903
149.8277300959121
149.11641666856428
148.41052719422146
147.71005399147163
147.0149894185447
146.3253258733124
145.64105579328833
144.96217165562823
144.28866597712943
143.6205313142314
142.95776026301553
142.30034545920483
141.6482795781645
141.00155533490158
140.36016548406496
139.72410281994547
139.09336017647587
138.46793042723073
137.84780648542662
137.23298130392203
136.62344787521727
136.0191992314546
135.42022844441823
134.82652862553414
134.2380929258704
133.65491453613689
133.07698668668536
132.5043026475095
131.9368557282449
131.37463927816907
130.8176466862015
130.2658713809034
129.71930683047802
129.17794654277054
128.64178406526796
128.11081298509922
127.58502692903514
127.06441956348851
126.54898459451394
126.03871576780807
125.53360686870927
125.03365172219802
124.5388441928965
124.04917818506897
123.56464764262147
123.08524654910204
122.61096892770057
122.14180884124882
121.67776039222055
121.21881772273139
120.76497501453882
120.31622648904234
119.87256640728319
119.43398906994473
119.00048881735198
118.57206002947208
118.14869712591398
117.73039456592855
117.31714684840851
116.9089485118886
116.50579413454533
116.10767833419725
115.71459576830475
115.3265411339701
114.94350916793752
114.5654946465931
114.19249238596491
113.82449724172281
113.46150410917869
113.10350792328623
112.75050365864108
112.4024863294808
112.05945098968483
111.72139273277455
111.38830669191317
111.06018803990591
110.73703198919985
110.41883379188391
110.105588739689
109.79729216398792
109.4939394357954
109.19552596576797
108.9020472042042
108.61349864104447
108.32987580587111
108.05117426790835
107.7773896360223
107.50851755872101
107.24455372415443
106.9854938601144
106.73133373403466
106.48206915299087
106.23769596370065
105.99821005252342
105.76360734546056
105.53388380815532
105.30903544589296
105.08905830360052
104.87394846584701
104.66370205684335
104.45831524044233
104.2577842201387
104.06210523906904
103.8712745800119
103.68528856538771
103.50414355725881
103.32783595732946
103.15636220694574
102.98971878709582
102.82790221840958
102.67090906115891
102.51873591525757
102.37137942026126
102.22883625536757
102.09110313941596
101.95817683088784
101.83005412790651
101.7067318682372
101.58820692928698
101.4744762281049
101.3655367213819
101.26138540545078
101.16201931628628
101.06743552950502
100.9776311603656
100.89260336376847
100.81234933425594
100.73686630601229
100.66615155286368
100.60020238827826
100.53901616536594
100.48259027687862
100.43092215521008
100.38400927239606
100.34184914011415
100.30443930968383
100.27177737206655
100.24386095786559
100.22068773732624
100.20225542033558
100.18856175642269
100.17960453475845
100.17538158415577
100.17589077306941
100.1304732813509
100.08806956036614
100.04867504433167
100.01228519860068
99.97889551966288
99.94850153514443
99.92109880380818
99.8966829155534
99.87524949141596
99.85679418356823
99.84131267531914
99.8288006811142
99.81925394653538
99.81266824830124
99.80903939426689
99.80836322342391
99.81063560590056
99.78097860914276
99.75464336503768
99.73163160241731
99.71194507428451
99.69558555781316
99.68255485434803
99.67285478940475
99.66648721266989
99.66345399800102
99.66375704342653
99.63571070622487
99.61017756222472
99.58716133923984
99.56666578549064
99.54869466960422
99.53325178061426
99.5203409279611
99.50996594149171
99.5021306714597
99.49683898852528
99.49409478375533
99.4939019686234
99.49626447500958
99.34142209794481
99.18785156888408
99.03927361582898
98.895693110853
98.7571149636257
98.62354412141262
98.4949855690753
98.37144432907147
98.25292546145465
98.13943406387453
98.03097527157685
97.92755425740324
97.82917623179154
97.73584644277545
97.6475701759848
97.56435275464537
97.48619953957902
97.41311592920366
97.34510735953313
97.2821793041774
97.22433727434243
97.17158681883015
97.1239335240386
97.08138301396181
97.04394095018984
97.01161303190875
96.98440499590065
96.96232261654372
96.94537170581205
96.93355811327588
96.92688772610143
96.92536646905094
96.92900030448266
96.931297235027
96.9496092808294
96.84217954479803
96.73698957416504
96.63404067882803
96.53333419704506
96.43487149543449
96.33865396897525
96.24468304100645
96.1529601632278
96.03839933488207
95.87622223464147
95.71865332088437
95.56569143672145
95.41733547071293
95.27358435686872
95.13443707464829
94.99989264896067
94.8699501501645
94.74460869406808
94.62386744192918
94.50772560045534
94.39618242180349
94.28923720358036
94.18688928884214
94.08913806609462
93.99598296929331
93.90742347784317
93.82345911659884
93.7440894558645
93.66931411139399
93.5991327443907
93.53354506150765
93.47255081484744
93.41614980196226
93.36434186585386
93.31712689497368
93.27450482322267
93.23647562995144
93.12718327811368
92.91260956184743
92.6256344949441
92.34211027643931
92.06203307764692
91.7853991040053
91.4801960500426
91.07645477578987
90.67649108656552
90.28029838666079
89.88787011821252
89.4991997612032
89.11428083346082
88.73310689065896
88.35567152631671
87.98196837179879
87.61199109631549
87.2457334069226
86.88318904852149
86.52435180385916
86.16921549352811
85.81777397596643
85.47002114745776
85.12595094213128
84.78555733196185
84.44883432676976
84.11577597422094
83.7863763598268
83.46062960694442
83.13852987677645
82.82007136837099
82.50524831862177
82.1940550022681
81.88648573189487
81.58253485793246
81.28219676865687
80.9854658901897
80.69233668649798
80.40280365939448
80.11686134853741
79.83450433143057
79.55572722342336
79.28052467771069
79.0088913853331
78.74082207517668
78.476311513973
78.21535450629929
77.95794589457834
77.70408055907846
77.45375341791352
77.20695942704305
76.96369358027201
76.723950909251
76.48772648347618
76.25501541028925
76.02581283487754
75.80011394027385
75.57791394735662
75.35920811484979
75.14399173932294
74.93226015519122
74.72400873471514
74.5192328880011
74.31792806300083
74.12008974551168
73.92571345917662
73.73479476548412
73.54732926376825
73.36331259120863
73.18274042283043
73.0056084715044
72.78022576937448
72.53598627224036
72.29633308587117
72.06126151197392
71.83076689710661
71.60484463267804
71.38349015494792
71.16669894502681
70.95446652887617
70.74678847730834
70.54366040598653
70.34507797542484
70.15103689098824
69.96153290289257
69.77656180620458
69.59611944084187
69.42020169157293
69.24880448801713
69.08192380464469
68.91955566077677
68.72096811723931
68.49715968561263
68.2773093331816
68.06141436090141
67.84947211532723
67.6414799886143
67.43743541851777
67.2373358883928
67.04117892719465
66.84896210947852
66.66068305539955
66.47633943071294
66.29592894677391
66.11944936053762
65.9468984745593
65.77827413699413
65.61357424159726
65.45279672772392
65.29593958032932
65.14300082996863
64.99397855279702
64.84887087056971
64.7076759506419
64.57039200596877
64.4370172951055
64.3075501222073
64.18198883702935
64.06033183492686
63.94257755685501
63.82872448936899
63.718771164623995
63.612716160375214
63.510558099977835
63.41229565238708
63.3179275321581
63.227452499446116
63.12007027860473
62.93524781198265
62.754574509498816
62.57804790030636
62.40566555915844
62.237425106408196
62.07332420800877
61.91336057551332
61.75753196607501
61.60583618244694
61.45827107298229
61.3148345316342
61.175524497955834
61.040338957100296
60.90927593982079
60.782333522470395
60.65950982700231
60.540803020969676
60.29157032327592
60.03310314591591
59.77863711689035
59.528174245099166
59.28171658504222
59.03926623681942
58.80082534613067
58.56639610427585
58.33598074815488
58.10958156026763
57.88720086871402
57.66884104719393
57.45450451500725
57.2441937370539
57.03791122383375
56.835659531446716
56.637441261592706
56.44325906157157
56.25311562428325
56.067013688227625
55.884956037504594
55.70694550181403
55.532984956455856
55.36307732232997
55.19722556593628
55.035432699374645
54.877701780344985
54.72403591214719
54.57443824368116
54.42891196944676
54.28746032954395
54.15008660967258
54.01679414113256
53.887586300823784
53.762466511246146
53.64143824049954
53.52450500228387
53.41167035589905
53.30293790624493
53.198311303821434
53.09779424472846
53.0013904706659
52.909103768933655
52.820937972431615
52.736896959659674
52.65698465471775
52.581205027305714
52.50956209272346
52.442059911870906
52.37870259124793
52.31949428295445
52.264439184690325
52.21354153975549
52.166805637049826
52.12423581107322
52.08583644192559
52.051611955306825
52.0215668225168
51.995705560455434
51.97403273162261
51.956552944118236
51.94327085164221
51.93419115349442
51.92931859457476
51.928657965383124
51.93221410201943
51.964740854526546
51.96471019468514
51.85607026670914
51.750644256374656
51.648428988918
51.54942132030591
51.45361813723558
51.361016357134595
51.27161292816101
51.1854048292033
51.10238906988037
51.022562690541555
50.94592276226664
50.872466386865824
50.80219069687977
50.73509285557952
50.67117005696661
50.61041952577297
50.552838517460984
50.49842431822346
50.44717424498364
50.3990856453952
50.35415589784225
50.31238241143934
50.273762626031434
50.23829401219395
50.20597407123273
50.17680033518405
50.15077036681462
50.09423056936579
49.98741526210544
49.88333166839473
49.78198464797098
49.68337909866103
49.58751995638128
49.49441219513767
49.40406082702575
49.30985559641666
49.20858174622247
49.059575956179394
48.90303759220922
48.74881953193621
48.596918873854996
48.447332750103605
48.2863380075755
48.12187851956653
47.96021344658136
47.80133554058428
47.636628731976266
47.43003453798952
47.227214627860356
47.028162281459075
46.832870822179395
46.64133361693849
46.453544076176925
46.26949565385869
46.089181847471245
45.91259619802544
45.739732290055564
45.57058375161934
45.405144254297866
45.243407513195756
45.085367286940986
44.931017377684974
44.78035163110258
44.63336393639207
44.49004822627513
44.35039847699692
44.21440870832596
44.082072983554255
43.95338540949721
43.82834013649365
43.706931358405846
43.58915331261948
43.47500028004368
43.36446658511097
43.25754659577733
43.154234723522144
43.05452542334825
42.95841319378191
42.86589257687276
42.768711116953526
42.669673196410315
42.57410112175262
42.48198956810791
42.39333325376449
42.308126940171555
42.22636543193915
42.14804357683821
42.073156265800506
42.001698432918666
41.93366505544623
41.86905115379758
41.80785179154793
41.750062075433405
41.695677155351
41.6446922243585
41.59710251867465
41.55290331767901
41.512089943912024
41.474657763074966
41.44060218403003
41.4099186588002
41.38260268256941
41.35864979368242
41.33805557364482
41.32081564712314
41.30692568194472
41.291457023758824
41.16546739229759
41.037034110523265
40.91108294059522
40.78761530331947
40.66663264348753
40.548136429876536
40.43212815524915
40.31860933635359
40.207581513923635
40.09904625267862
39.99300514132343
39.83679072745548
39.6815320256063
39.529046404733656
39.379337110693115
39.23240742504126
39.08826066503566
38.94690018363492
38.808329369498594
38.67255164698727
38.53957047616253
38.409389352786945
38.2820118083241
38.15744140993856
38.03568176049591
37.91673649856272
37.80060929840657
37.68730386999605
37.576823959000706
37.469173346791116
37.364355850438876
37.26237532271656
37.16323565209772
37.06694076275693
36.97349461456978
36.88290120311284
36.79516455966366
36.71028875120084
36.628277880403935
36.54913608565352
36.47286754103117
36.39947645631945
36.32896707700193
36.261343684263174
36.19661059498877
36.134772161765255
36.075832772880226
36.01979685232223
35.96666885978087
35.916453290646665
35.86915467601121
35.824777582667075
35.78332661310781
35.74480640552799
35.70922163382318
35.67657700758994
35.64687727212584
35.620127208429444
35.59633163320031
35.57549539883902
35.557623393447095
35.54272054082715
35.53079180048271
35.52184216761836
35.515876673139644
35.51290038365312
35.512918401466365
35.50879846438397
35.506394893025515
35.496025022232345
35.47159900972661
35.421868402568485
35.37296267017879
35.326215103795505
35.28162691462088
35.23919933479135
35.1989336173776
35.16083103638449
35.12489288675108
35.09112048435066
35.05656262809825
34.992052732948984
34.9306126116828
34.87224605662938
34.790507868924294
34.71221121796258
34.63756741337555
34.566580990311905
34.49925652740575
34.43559864677662
34.37561201402946
34.29134347644182
34.20616400220529
34.08007456315375
33.91498816248865
33.753318321547766
33.59506551679847
33.440230265691184
33.28881312665935
33.140814699119446
32.996235623471044
32.85507658109672
32.717338294362094
32.58302152661587
32.45212708218975
32.324655806398496
32.20060858553994
32.07998634689491
31.962790058727325
31.8423190523449
31.719414630869075
31.599968038588962
31.452870926901788
31.307148774913927
31.163230539438143
31.02111910598328
30.880817381698492
30.74232829537316
30.605654797436944
30.4707998599598
30.33776647665191
30.206557662863766
30.077176455586095
29.949625913449925
29.82390911672651
29.70002916732741
29.577989188804448
29.45779232634969
29.3394417467955
29.2229406386145
29.108292211919583
28.995499698463895
28.87750879688632
28.75336251758243
28.631391053387333
28.511599592582538
28.393993349404372
28.278577564043914
28.165357502647012
28.054338457314305
27.945525746101204
27.83892471301789
27.734540728029323
27.63237918705524
27.532445511970142
27.434745150603327
27.33928357673884
27.246066290115532
27.152320590615666
27.061082341392368
26.972744099537877
26.87959765043437
26.778104557675114
26.673332817869483
26.57129848818859
26.472004294549254
26.375453000320352
26.281647406322765
26.19059035082937
26.102284709565094
26.01673339570685
25.93393935988357
25.853905590176215
25.776635112117738
25.702130988693142
25.623307239762525
25.53563227458716
25.443009340520238
25.352532127715456
25.26420527534408
25.178033452171785
25.094021356558716
25.012173716459415
24.932495289422878
24.85423775288777
24.77205071545675
24.692190425267217
24.614660689451846
24.539465349466205
24.465416863434086
24.390659155715465
24.31849051822647
24.2489168830849
24.17930300420172
24.111554414475336
24.04035209062099
23.968380953105786
23.898637383435524
23.82766963728039
23.757064086324977
23.679188823852613
23.597021332055096
23.517667302096108
23.44112906998279
23.36740900783239
23.29650952387221
23.228433062439635
23.16318210398215
23.1007591650573
23.041166798332732
22.984407592586138
22.930484172705313
22.87939919968814
22.83115537064257
22.784789283389355
22.730503687876144
22.67704397780622
22.619801135862026
22.561698334538598
22.506504132684658
22.454217414063592
22.404837100435753
22.355577487810226
22.305629385592816
22.245874251489067
22.18064647595676
22.117763107999046
22.057226184159386
21.99793618405064
21.937656716459227
21.875056652589254
21.81168362916236
21.75077780920279
21.692340984405654
21.63637497827138
21.582881646105765
21.531862875019918
21.477136078681667
21.424641149567183
21.374955404124858
21.324566662369957
21.26794204187117
21.214084487561262
21.161065374598472
21.104757740168573
21.05125617612135
21.00056880780471
20.951316324298748
20.90026351485019
20.850165819176002
20.79509837632623
20.742716913651083
20.69303041962185
20.646047915301587
20.601778454345112
20.560231122999017
20.51974768688285
20.479338141242284
20.44242477089498
20.402827554789425
20.36088333930717
20.322277398382827
20.28701172923462
20.249782685554326
20.214275726542947
20.178333842462987
20.14127913437637
20.10403972297841
20.069391258473352
20.037336996771458
20.007880222539185
19.9810242491992
19.956772418930388
19.932634481076818
19.907297344744215
19.876409631408855
19.844534398664223
19.810257999580315
19.77831029196866
19.74869291963696
19.721407552934682
19.696455888753007
19.670939450300565
19.64532554376337
19.6228973109969
19.59983903821513
19.57644917692927
19.555243454220882
19.531658608673474
19.510396417148485
19.487930653687403
19.467810813944165
19.44657485610467
19.42055270431192
19.396930543188535
19.37571476604696
19.35691179271351
19.340528069528382
19.325662934264365
19.30961771006859
19.29579791907675
19.278199983917858
19.262651336460053
19.249405917144415
19.238465352072186
19.22867519337159
19.214285253750283
19.20217195434791
19.190625482828796
19.179955924231002
19.168313601105886
19.158870181759575
19.14643867280888
19.13602334039732
19.126352049974784
19.112772594116525
19.101506610864373
19.088224207314195
19.07810738999153
19.069901718894922
19.059231533064807
19.0498461678982
19.04221033198039
19.033416474077516
19.025211282412393
19.017635382259023
19.010117968769553
19.003762816887456
18.994963805298582
18.988870032046975
18.981636904398215
18.974916841173147
18.966761936458337
18.96133821249655
18.955714068261184
18.95018884071193
18.94470351034234
18.941387719024778
18.936778783060262
18.9323791953284
18.92976146919476
18.92696867606335
18.9245368804313
18.922838152002033
18.92210935873888
18.918703643472806
18.91698468363109
18.915370266296573
18.915237471177484
18.912229931575006
18.909661620405945
18.90656615292313
18.905814624360957
18.903979836502604
18.901592740783894
18.899173478994488
18.898850111485135
18.898501163836492
18.896885510810286
18.895775812600938
18.894222560303827
18.894570505681315
18.892387564429228
18.8902410537042
18.88829730203895
18.88745424540176
18.886223222750743
18.884413668718537
18.882359787976753
18.881755848307023
18.879865513018952
18.8772305238727
18.875464276302786
18.87382023478571
18.87176090720046
18.869926100340773
18.86893038154385
18.86695784438447
18.865403852529855
18.865265360020835
18.863430475591823
18.86257114973055
18.860701331247306
18.859367439110954
18.856666667793156
18.85515858822626
18.854037450588372
18.852635694575948
18.85138366305792
18.84885982346884
18.846497149380486
18.844958440803836
18.8426558130827
18.84113387483847
18.83992744974295
18.839173736814615
18.836981495864105
18.835344234249792
18.83252645634157
18.83162927107139
18.830348073478945
18.82810511139963
18.82661351064371
18.825834911093335
18.824647737483676
18.823007250875726
18.820810304565367
18.81843828866214
18.81706745544289
18.8164129200918
18.815339602209995
18.81350967738029
18.811921370760086
18.810124068263974
18.808743627881846
18.80717788905415
18.805813356732443
18.805679599313837
18.802723583677686
18.801288668738913
18.800345232935012
18.797793563251524
18.79588031120278
18.79461783872263
18.79335494889773
18.792005833394526
18.791046862863006
18.78798427333047
18.787142691538996
18.784948974966397
18.78344811692055
18.781276114900205
18.780032381910413
18.778210477541464
18.776763884216
18.775903072617183
18.77400137019447
18.77243027845809
18.770577977475426
18.768225956127548
18.764710650681938
18.762662600236162
18.760793868093778
18.75993338900135
18.758010101664023
18.75685652260199
18.75593635432282
18.754009258980794
18.751374649849094
18.749449791255817
18.745508198366487
18.74360538516923
18.743040012938973
18.74174381753952
18.740282645029044
18.739532082525127
18.73706539500781
18.735535309262776
18.732843294040407
18.731897586265195
18.72888096827612
18.727533106188602
18.726014259639214
18.724527813883036
18.722713289061396
18.721344747184204
18.719971185460548
18.717686888207425
18.716423367165703
18.71581558164299
18.714874048359494
18.71267734851663
18.711182334876437
18.70900055266626
18.707099908864343
18.704515332766725
18.703462099943778
18.70214947752861
18.70021772032685
18.698054618667268
18.6959788597194
18.692723394809178
18.69083116360723
18.689076024765143
18.687492929309695
18.684492183382606
18.682206179758186
18.68057584879102
18.679403033055458
18.67739148372915
18.67492162385304
18.674833658679276
18.6716066749924
18.67023755740697
18.66797446030908
18.665345191265835
18.66258799191791
18.66133681587141
18.6595904849743
18.658437209388353
18.656644251818474
18.655721652723788
18.654144434376178
18.652678937633315
18.651406219816757
18.64949442973727
18.64810991893784
18.646289941074723
18.6434059471804
18.64199902025236
18.639843816944204
18.636903280444585
18.635560373971554
18.63396766102566
18.632303773092517
18.631064940939407
18.62824485810537
18.626204626459035
18.62410046708117
18.621745510616705
18.61993431713034
18.617256728831983
18.615520504612252
18.615329020773167
18.613428661042214
18.613168069915808
18.610721793401684
18.609755964398794
18.607231101067953
18.606091522512124
18.604222151557963
18.603315667670508
18.60149940650291
18.599410368430895
18.59693496520123
18.595577425525107
18.593602006508245
18.592112013245057
18.591011867098214
18.589967061575297
18.588551708178247
18.586742262610105
18.585308457828106
18.58286076953594
18.581703176629027
18.57877419093895
18.577430478838252
18.574214641441998
18.573685043943946
18.570936521432973
18.569282551502482
18.566707306029738
18.565385248886685
18.56435080321583
18.56322362640415
18.560144876221916
18.55878422391803
18.557580206554878
18.555839553485857
18.554495884184877
18.552442487805916
18.550898873157017
18.549988723503905
18.548722595212944
18.546088131969245
18.544009638377503
18.542658862778026
18.538975747246514
18.536773596195463
18.534008073616615
18.532190521790806
18.52967409304329
18.52783971420661
18.52644329538465
18.523171147849904
18.522359653904715
18.5209931524278
18.519226115661834
18.51638494209534
18.514687685970987
18.513006466204324
18.510777354065677
18.50911172267298
18.507696926028395
18.505419092457792
18.502306323235757
18.50051345936872
18.49903853226525
18.49719636872551
18.493550120445907
18.49150380213098
18.491350721350603
18.489918831483973
18.487428955173396
18.48527086418757
18.483973636652696
18.482098267014095
18.48019776763871
18.478831382656402
18.47691632542887
18.47456022308304
18.474010525093178
18.471592268424853
18.469749375271576
18.467783359646265
18.465721098106933
18.462323514666622
18.4593626798265
18.456472997909863
18.455433375039885
18.45370615257477
18.451951120798245
18.44933198154786
18.44725625802199
18.444279814445284
18.44071964797636
18.436870809166024
18.434734239219942
18.43286932428668
18.430888843231294
18.430293069442662
18.428643501234205
18.427188898542127
18.425801908641194
18.423315884326758
18.420326263465064
18.418518895167967
18.417462119370228
18.41538280453361
18.413905079337002
18.412715428417265
18.41184362970124
18.409603333509118
18.407337098742158
18.404772528089218
18.40117914763797
18.399493177001755
18.396967967697282
18.394087597458892
18.391468702692976
18.389190721966425
18.386645361343902
18.384918706077794
18.38364342156577
18.38169317997164
18.379373154463156
18.377963534048927
18.374848059870825
18.37203553675752
18.369703429582504
18.368301728838244
18.365290624225622
18.363496743479004
18.362001274432654
18.36035794923269
18.35845047861986
18.35564426918282
18.35324702560113
18.351222548036525
18.348256448307453
18.346418028288618
18.343127398909758
18.341202120675028
18.339586937918224
18.33809605822695
18.337163685089784
18.33508148978748
18.333335290182987
18.330735649687316
18.3288900974126
18.32681384489512
18.3245176963376
18.323303835028234
18.321211819744544
18.318631921165828
18.317327481884547
18.31441660430565
18.312786199146363
18.310558931432457
18.308312682267687
18.30553946309898
18.30423820295004
18.30179019269308
18.29995994820695
18.297390413952023
18.29562807456573
18.293552301937243
18.291595747945628
18.289975470685626
18.28753695961795
18.28573128281944
18.284082692384857
18.28161784723293
18.280543763540575
18.279138572857207
18.275717182860845
18.27454078075416
18.273626840885704
18.270779552531756
18.268568294550008
18.267214051574722
18.26274474421997
18.260093363583973
18.25691794931067
18.25424557272544
18.251865397086668
18.24873648643474
18.24618215078411
18.245173550266998
18.24171604533398
18.239574316228637
18.239365248923985
18.238517711847493
18.23675951443343
18.234611750279306
18.23015838106548
18.228335997997124
18.226742108736378
18.224829582312626
18.22322174756038
18.220023074406598
18.217005180373206
18.213081982548957
18.210793981193156
18.208634098690677
18.205532242750895
18.203699403077483
18.202040396390412
18.199912248329486
18.197998664732385
18.19437477570987
18.190794295022666
18.188441660621088
18.186087821976326
18.183712564903356
18.1817810371475
18.179685015579146
18.177961507608714
18.174981817398066
18.17257214476699
18.16958920186415
18.168186772098327
18.16523779142163
18.16342593675688
18.161008090870872
18.15936299190404
18.15748519396274
18.155117503876248
18.153123280332405
18.149652544336966
18.14776694755148
18.145490053514735
18.14400451559128
18.142027264487275
18.139740051682256
18.137858422109446
18.136160087057153
18.132763319381958
18.129794422280803
18.126494746963434
18.124086351716763
18.121000694036134
18.11925684599974
18.116796670061987
18.114927426857943
18.112234340969614
18.109158936088708
18.10690376397631
18.105859078250052
18.10231277549345
18.099730227599895
18.099052067175965
18.095976140250627
18.09202554619043
18.089642913412934
18.08678811542809
18.084062035344356
18.080623632086
18.07798459441671
18.077202606438384
18.07540612525826
18.072999695274905
18.071836389781964
18.071353653236386
18.07060289332477
18.068773905641496
18.0668029993962
18.065193285860055
18.063382644965504
18.062425733988185
18.059163618037207
18.0564037730752
18.054035283540898
18.050715955169565
18.046386110426493
18.044056924569393
18.04294415963906
18.03974403555553
18.036672625090496
18.035325951869503
18.03294904372006
18.030721162868367
18.02795570815648
18.024802846867033
18.021568498036938
18.01887810269793
18.016571278519006
18.01361726199131
18.012008702538118
18.008897074988262
18.006713764900976
18.005332651525798
18.00224791581444
18.00006781776205
17.996819802283202
17.99453497047712
17.993164531021122
17.991069526335146
17.989435085678082
17.987308545865428
17.984950320657962
17.98223610360229
17.98084102819859
17.97867253095946
17.975035903986406
17.974225981293575
17.972445272281426
17.968862384165778
17.96697771221063
17.964027600901414
17.961224972969113
17.959102809046133
17.957676912332747
17.95608051928253
17.954215133107027
17.952158379753246
17.94966835558624
17.946714892882596
17.943014345972976
17.94048377761317
17.938218905337017
17.935033702358822
17.932502534605057
17.931770062743556
17.927379774137723
17.924883879055166
17.92114544922859
17.917837935350235
17.914621754199384
17.913494727278874
17.9109895684461
17.907611373408603
17.904787765566567
17.90175597077562
17.89805642237341
17.89499711045638
17.89205450434636
17.88976030883693
17.88861347619778
17.88586222699641
17.88301630166499
17.880437646258045
17.876404417822513
17.872998629597024
17.87118437447655
17.86876742627056
17.866177946095416
17.863794287242495
17.861180779439955
17.857814190940804
17.85461600631959
17.85174044291764
17.84905953385886
17.84592012551322
17.84337898031576
17.840381191128227
17.83784929914109
17.83660509987257
17.833666323175205
17.831033218002002
17.82843195976298
17.825958926145294
17.823804259281914
17.821535069672294
17.81882595793705
17.816245627225463
17.81437404981735
17.811873256225553
17.81104557944143
17.80977578296416
17.80710058988811
17.803327081937645
17.800187020544847
17.79793882066255
17.793600476759767
17.791709498379443
17.792351318652752
17.790858424046576
17.789116066993223
17.786167073294774
17.783177036996946
17.781537646396533
17.778675210787675
17.77697966097037
17.775299076723307
17.773920104454426
17.77089619804316
17.76864459762245
17.767149512516166
17.765447459839397
17.761594662233122
17.758768499065287
17.758923879576546
17.757338943066507
17.755807555970016
17.753409206672753
17.750503355410043
17.748181715712285
17.74532469035642
17.74234485753568
17.73865170192409
17.7355269254098
17.732070406888557
17.72873005916177
17.726550148073514
17.723021824880785
17.720192945633464
17.717436864454985
17.714775728656825
17.71306479768439
17.70941557494587
17.706511713481817
17.702703149700536
17.69978581411297
17.696984254567152
17.694844642454026
17.69150509648527
17.688590695473344
17.685582172273254
17.682046025288457
17.678179783288403
17.67489952681052
17.671193273140602
17.66794214606393
17.66341399158098
17.660334906754983
17.65699277201975
17.65465665703517
17.652712121926175
17.64990150813435
17.64795462759293
17.644809759174066
17.641876405241046
17.63893657425089
17.63685823399263
17.633611346188452
17.631490771671896
17.629594570497968
17.626997478203105
17.62319323485045
17.620884030204593
17.61860404386734
17.616859657384158
17.614368919666568
17.611820176027642
17.609018997817802
17.60785270075822
17.605445105854365
17.60324759892588
17.59873358350704
17.59261067951854
17.588094969069818
17.58551733528609
17.584878723245748
17.5843954296252
17.582515851441734
17.580804949059672
17.57798449365986
17.574889220608085
17.571499952332683
17.56981538695851
17.565321662470307
17.562880488357628
17.562501980522256
17.55992015148557
17.558185097584882
17.5560836265241
17.55188708719966
17.549287571741083
17.544481835193608
17.540494348146716
17.53849524149892
17.536129508560848
17.53349095394021
17.531445004569605
17.52838602504853
17.52770147741274
17.525246828118092
17.52354226541553
17.518973371955703
17.514675329942655
17.51139507496221
17.508179105692644
17.504588959832788
17.501962941826108
17.498462714124305
17.49645980331839
17.493191514524288
17.48956870154181
17.487671556442532
17.48485156090458
17.481545222135633
17.47947365171689
17.475794528365842
17.472331207120565
17.469197052928966
17.466114007623695
17.462940428160568
17.459517141633974
17.45509029030412
17.45192442130745
17.448926585803303
17.446775405722764
17.443637607916514
17.441694204834803
17.439050118036835
17.433037672195763
17.429230228961558
17.42600675983668
17.422702380571707
17.418649502998495
17.415840970934013
17.413311798663845
17.41093384305057
17.40770332845507
17.4046845556485
17.401790968985793
17.39916371271637
17.39661834912759
17.392939310196745
17.390372662310167
17.38826967255592
17.385661359699036
17.38331636874075
17.379866154002674
17.37609462014657
17.37347779846287
17.369306873493876
17.36609069960451
17.364247842785524
17.361036863421546
17.35840012561279
17.355431844066747
17.35262527196666
17.35009291065937
17.348081241615947
17.344572781974765
17.34174115176281
17.338234595911064
17.335651734674876
17.333606646935294
17.330278919278324
17.327880862861882
17.324814548859752
17.321654597013357
17.318607350267403
17.316826590704785
17.313290260191938
17.309644391956997
17.30771033741984
17.30391537292342
17.29978531947203
17.29675379462292
17.29418895253606
17.292160436434077
17.290903502659653
17.290691755586252
17.28831577795731
17.28532235821822
17.282562052049933
17.28071775449694
17.27639718992617
17.273975250263387
17.272439291204677
17.269448239268907
17.26814321050021
17.265892492486717
17.264564657982277
17.26171830939453
17.260166908913945
17.256424643808725
17.25519047238489
17.25309729022621
17.250800791593118
17.248252496806717
17.243948568194362
17.240758925819765
17.238126280812956
17.235063039827622
17.231783209144332
17.22833797358761
17.22582090418093
17.22365316782508
17.219999527066545
17.217096258536593
17.214441814038718
17.21276591253715
17.208861166240613
17.205824373595703
17.20437569321977
17.202975526747895
17.201049099306502
17.19849978872097
17.1956054175988
17.192644184585117
17.19031177811603
17.185957071521525
17.182614806143228
17.179823333994037
17.17687219432411
17.17305164169147
17.16925305119909
17.166990478068456
17.164787886883282
17.160794668650034
17.158012897088934
17.155250109345072
17.1525567909668
17.149955967466475
17.147729255676964
17.145334776468008
17.142032766768967
17.14014041060549
17.13800854437836
17.134151611817163
17.131630299209572
17.129376726170136
17.127442605435235
17.12458501651372
17.120440815481068
17.11740204474567
17.114732498817386
17.110256397445884
17.107652940483874
17.10281914966746
17.09959538434303
17.09471926366447
17.090734426000367
17.08654604309487
17.083788427075532
17.081939632863072
17.080191926752256
17.076428892053812
17.072803005471492
17.06994174707954
17.065541137170666
17.06233660185014
17.057982812943244
17.054517783604805
17.050583822971248
17.046014230870664
17.042001429621113
17.039663958093552
17.036774092125206
17.0345429460135
17.032979618758723
17.0289017848893
17.026716467906343
17.023571912981406
17.02102750724963
17.019028719279728
17.015187642817907
17.012452696958213
17.009149480718108
17.005460071137428
17.001564875271807
16.99711258780393
16.994742623884942
16.993420594023135
16.99075003197265
16.988312208413532
16.986280342894485
16.98350873010149
16.980677697636086
16.976653188492282
16.97210129899679
16.969311241070045
16.9653584170898
16.961890812572875
16.960607181531177
16.95864342094903
16.956739405521883
16.952558293142477
16.948616263945944
16.94567878229949
16.941070154441416
16.938185178470476
16.936049916927637
16.932253412295236
16.928401732108266
16.925153842287152
16.922358285842563
16.91839053897152
16.91586529380559
16.91321586831997
16.9090438008311
16.906427950112196
16.90479685981353
16.90170864213215
16.899684964198098
16.896585681253992
16.892627395186008
16.88992618703606
16.88731462112008
16.88355870724437
16.88080015408323
16.877387320886204
16.874293094470023
16.874034806489423
16.871296387733295
16.868894841537458
16.86545971493681
16.862426898725126
16.85946929356959
16.855434229082793
16.853016449705457
16.849211213260567
16.846214698985232
16.84285586613683
16.83902688612975
16.836967317584918
16.832931101787363
16.83044410830436
16.826204769195897
16.824036261066937
16.821929866624423
16.820034205558834
16.817340080789474
16.813047894781434
16.80923812820873
16.806562759391944
16.80196636034559
16.79813394585574
16.795877489351497
16.79368143118341
16.79131514459139
16.78669479460742
16.784064777841195
16.78070214833398
16.778856204007713
16.776160014995412
16.77473287242483
16.771236036096937
16.768634165547635
16.76718246611294
16.76479960342062
16.76178776470271
16.758584600207644
16.755544076381323
16.7529694406626
16.74923467630785
16.7467009579643
16.74356923845172
16.74001669515156
16.736378013857767
16.732013163222632
16.726774893568766
16.723262618472567
16.719194426872928
16.715395701784022
16.712181730139097
16.707365908546244
16.704251202000954
16.701586597956073
16.696694806994167
16.69310516479309
16.688706782404946
16.685990538771875
16.683212480036598
16.68000971921021
16.67671023195201
16.673257663311347
16.670437507853563
16.66717921050835
16.66370167765788
16.66061030270852
16.65884580672773
16.65569169174694
16.651906149137638
16.647049459547105
16.643836511610402
16.640949226724633
16.636782981086345
16.634633976534488
16.630970335637418
16.62754000218717
16.62340181418068
16.620744329963
16.617764277401452
16.61437220151932
16.611447491281538
16.609061077198675
16.605539377871317
16.602104891865967
16.599341500226362
16.594960335909455
16.59159345234836
16.587983779296188
16.583743508129075
16.579914294656852
16.576475835664134
16.573214905274632
16.56959583849582
16.566225090673683
16.5612380403811
16.553985259756995
16.549260496472563
16.54706862676493
16.5443224783182
16.541343378405017
16.53733243551794
16.533892222256327
16.529546110817243
16.525802381604123
16.52305045507702
16.51972283834267
16.51572873851464
16.511765914579048
16.509619314854916
16.50575236947453
16.50019609078171
16.49532064052026
16.492795326853255
16.488979020096878
16.486062887894217
16.481695319019426
16.477468732265642
16.474313836753364
16.470126225354534
16.468222870923668
16.46606806305078
16.462560555833086
16.459903045730528
16.456366145057757
16.452588842964904
16.448151901672176
16.443890117450895
16.441248980985925
16.438444823955503
16.436876575136207
16.433934763902187
16.43040824048361
16.424727956706356
16.418895961055558
16.415082951388055
16.41202003290322
16.408614689329376
16.40681845435819
16.402505506403386
16.400265541385064
16.39797992255837
16.394440925467595
16.39057524163531
16.38678330687218
16.38266472848717
16.379333089163723
16.37484097896822
16.371823656581416
16.36942906860006
16.36492800038504
16.361550481898405
16.3597471355509
16.356766982022513
16.353041520256053
16.35091472022549
16.34811794212346
16.34651347773317
16.344497285277793
16.340231532420397
16.336439183120728
16.332335988099217
16.327292717930362
16.32284472795889
16.31884620832556
16.316727535128166
16.313575209310436
16.309729625569272
16.30721545012856
16.303545363335846
16.298932508655493
16.29472284043368
16.290878285908203
16.286128219874367
16.283647288940617
16.280367851305215
16.278577237778652
16.275393838706712
16.273413768771842
16.26904185214935
16.26657617378164
16.26398544715117
16.261474756373502
16.257974303202452
16.255272472953493
16.25125621678102
16.24763813297121
16.24566252123034
16.242283307218127
16.23924717299201
16.234767086975516
16.232427767241653
16.229184214375934
16.226739549622913
16.222402954779714
16.218138800011822
16.21592831311096
16.212755751276664
16.210919758876013
16.209178133315888
16.20702246334184
16.204875527017915
16.200944006898496
16.19711987354656
16.195334139245244
16.191914035035147
16.19005324383663
16.18565214609609
16.180355027589076
16.176051140354375
16.172163343358502
16.167567363686036
16.164931773456846
16.162950864897635
16.159479195331528
16.156935637511225
16.153669656921274
16.15095348729374
16.147410653032544
16.143100869280822
16.141188266674494
16.138998761627192
16.13649961159754
16.13406331159925
16.131532511599836
16.12815732675581
16.12582010308118
16.122280665561334
16.12061818694363
16.117398990635493
16.11433904370181
16.110966608692948
16.108242182089423
16.104787595354477
16.101748842487122
16.099515901341835
16.09644361284202
16.092654060532873
16.08775427756987
16.084528960061576
16.081162311814595
16.078231174474983
16.074561702966005
16.071609217673334
16.069152871990774
16.06695740108602
16.06408000894198
16.062779402688307
16.058245654924406
16.055250112229842
16.05169552198703
16.049006667942354
16.04803058660419
16.044231074591263
16.041347429917295
16.040901884564605
16.036053696928057
16.030513654263007
16.025510217221466
16.02258616573492
16.019516669319593
16.015249312010734
16.009805755932895
16.00704257190135
16.002491711237504
16.00010967887853
15.996581835249154
15.994281699619382
15.990344618196373
15.98705525963117
15.985472708699358
15.98307322413389
15.979362415284962
15.975772866377193
15.973811426872388
15.969947958799137
15.967241644319502
15.965161792448532
15.96200928261805
15.960004787645568
15.957361326314382
15.953485808515708
15.949452121083509
15.9469806771293
15.942131807218754
15.938030676353081
15.934107293016801
15.930930892710792
15.9295328140267
15.923947412287845
15.917737064693897
15.913706079392774
15.910203310761196
15.906291892186157
15.903005446524837
15.900848440806794
15.897385481503633
15.89453205890029
15.89131350779557
15.889008754378462
15.884931404772702
15.882331338985372
15.881787616823276
15.877778774069347
15.874530211020613
15.871289103687175
15.867163843602414
15.864465606336184
15.859636185229515
15.856543856153134
15.85373047864609
15.850763257854037
15.848006621433292
15.844880121463568
15.842803041221904
15.840872749882301
15.837010933556043
15.83437285369476
15.831164523117602
15.829074808507885
15.826590916546527
15.824202978077333
15.82123023214626
15.817724099015152
15.81489760169343
15.812415936268255
15.811930291877802
15.811240396064385
15.810388333694949
15.80831004074758
15.805868942834422
15.802947577211748
15.802140427239284
15.796542248605357
15.792893562446208
15.791315326243906
15.787568442557172
15.783710392445139
15.781816481621188
15.780715379775504
15.77847605889169
15.776385765761553
15.77415778752369
15.770208138838152
15.766307290003615
15.762690147038322
15.758233345461834
15.756263910847755
15.752023919472004
15.750413818028338
15.749777274028217
15.748220785847366
15.746325465042746
15.743279929840053
15.741607795920107
15.737500384116982
15.734188569928339
15.731616552579073
15.728093072779684
15.725341734996421
15.723668860392317
15.720752605960408
15.718319244919629
15.714554460411073
15.711850341478113
15.709734202965606
15.705366903765656
15.701157780076569
15.69946381217546
15.696682605143412
15.694520208568854
15.691111808153268
15.688160371213264
15.682817037531597
15.678886584319775
15.675554287997318
15.671783418900429
15.667829767268204
15.664319454083246
15.661936536872522
15.659046501545836
15.656707129421667
15.65279058428549
15.651296341217202
15.647439052373382
15.643580109120865
15.640103253860351
15.636892066111072
15.63425728145737
15.630178190154226
15.628170513234133
15.625821074171242
15.622756421690736
15.620113324100787
15.61509399233205
15.612155011847532
15.610490048304037
15.607579044999515
15.604081303593668
15.599961755341965
15.597193340129913
15.594127741678692
15.588720117781056
15.586540694425466
15.583840318020428
15.579115480671042
15.575533231051192
15.571393669850146
15.56746215497153
15.564889121950241
15.561304928023466
15.555955591471234
15.551335104491297
15.548898534885458
15.545107504271291
15.543239059236344
15.540946607808669
15.539231550774955
15.536274524521811
15.535074893754842
15.531632308477452
15.527910553382874
15.52379383918162
15.522076995964198
15.52033228779612
15.51791499913695
15.51601048584394
15.51262145874268
15.508681784386035
15.50622050555826
15.504072919840883
15.50171746014153
15.500594016926447
15.497617335471201
15.494626114477079
15.492432369826012
15.489667190800896
15.485172551218747
15.48229757375339
15.479578089635716
15.476240737721888
15.471812402184597
15.46859595212267
15.466839359406395
15.463555159549124
15.462373577237182
15.45720303484557
15.452179927360916
15.447890594758977
15.44548493908409
15.44232312224999
15.44130767438111
15.438207517051804
15.43592403398495
15.431468203878339
15.427527461711184
15.424263045246137
15.419702348312915
15.415747369016326
15.41303920900768
15.407352770117829
15.404276473236747
15.400259188269716
15.397046859498507
15.394415168311596
15.391206385223226
15.386035286549674
15.382728196081176
15.380169268920788
15.377752043378923
15.373342394887407
15.370882628277945
15.369469080941604
15.36506302232661
15.36096270796029
15.358438175957007
15.356166681466242
15.35319488319618
15.349798492615312
15.346444795699627
15.342427097861812
15.340136603256717
15.337395669803787
15.334443447122764
15.330224432885569
15.328449371747386
15.327382410475508
15.32400062745452
15.321549346979241
15.317786563457087
15.314443315690191
15.313563480439791
15.310416345788159
15.306647010882893
15.303402677527927
15.29973478756239
15.296766285725795
15.291813621076683
15.287103764812244
15.284102993335278
15.281449275886692
15.27666758504253
15.272776033321467
15.268392111990526
15.265709829359286
15.262049897669758
15.258044336498294
15.254664457652297
15.25285986851621
15.251328976446398
15.247434338426737
15.24451231827518
15.241069043337742
15.238649044228197
15.236126202592601
15.235604739736074
15.23376353968798
15.229032969874643
15.225417975185675
15.221581525241762
15.215225037604002
15.210395008895015
15.205305767568309
15.203035985133724
15.20007733501154
15.195650819333789
15.192096320320351
15.188672971112164
15.186132437626824
15.185105950253236
15.183191754692785
15.180232623267887
15.178352496496554
15.175396446351323
15.171916943392523
15.169832064610576
15.165103362263316
15.162883024052444
15.160614041358695
15.154437742812782
15.149653743033864
15.146733724533748
15.145215649625126
15.142773193839737
15.14067028814654
15.13789866333163
15.134056980231058
15.130874488692658
15.126297540222469
15.122761351821538
15.121141448761982
15.115966185572498
15.112791669839913
15.111006346314053
15.106916668661691
15.1036244900371
15.102584690002683
15.100554571812163
15.098440890841035
15.095339791273156
15.092729126749829
15.090479584987099
15.086215779291454
15.083157075696171
15.080615147179104
15.077935697733047
15.073846432648713
15.070989251735439
15.066413742271044
15.060172579693981
15.054891106065634
15.051848769668622
15.047811841534712
15.043712330185247
15.039570025974538
15.036388791790397
15.032825713203533
15.029517225484986
15.025764883154753
15.021982419580706
15.02063985901519
15.018487880756773
15.016007754531168
15.013405786234886
15.009051759735025
15.006841915703463
15.00375070569548
15.000976893943792
14.998932469660446
14.9979186157706
14.9957583726261
14.991160202799914
14.989923599670108
14.98769384734267
14.985246579798376
14.981462218591025
14.977596377393292
14.974667897926839
14.972015230186539
14.968916970039412
14.967929560128784
14.965116921046649
14.960836231788766
14.958310813538716
14.955656162751447
14.95015081769909
14.946418412715841
14.942521680800901
14.939951750332833
14.936369599713498
14.931774735581566
14.929147266721321
14.926228476339555
14.923608586814481
14.920323799101059
14.918135344786563
14.914768312654896
14.913564938532573
14.90958005549783
14.907986131595026
14.905748954922254
14.903555119684352
14.899175167847394
14.896576112197321
14.895250673892933
14.894268117431368
14.892176438180073
14.888309005021286
14.88642823944772
14.88234080390614
14.88013619917966
14.87520705484467
14.872367686994417
14.87074625251654
14.865819287445076
14.862232363747607
14.856798212304428
14.851777078728484
14.848045821082993
14.842517131363742
14.837916839113808
14.831747866886895
14.827605275591628
14.825136885191244
14.821660891030602
14.819197698013516
14.81591733704626
14.815252858111622
14.81135424740369
14.81032855740701
14.806394401241517
14.803477256566321
14.800426281836014
14.797142435403863
14.7931202276467
14.78988563208388
14.785750379898909
14.783289605496492
14.781100035616971
14.778260396442356
14.774026649877104
14.770082996021086
14.766953309657126
14.764381473181212
14.762815549477166
14.75734488557362
14.75438097824646
14.750900357697104
14.745790820474895
14.742636459379714
14.74010327922508
14.737317608865068
14.73313304989141
14.730606969143672
14.727566644328723
14.724312811552402
14.721426606591733
14.71931300595486
14.715994487566842
14.712736678326689
14.70715191036122
14.704169556403183
14.703795440143145
14.699320357937312
14.696977685913298
14.695191773525462
14.692264662444352
14.689566950047995
14.683821541511405
14.680150808588719
14.676250569618057
14.673527156679013
14.669172832332668
14.666615263207396
14.66341770503867
14.660457459934417
14.660125306866885
14.657321062065522
14.654083882532356
14.65276777976937
14.648717723614835
14.645954254800461
14.642689345743742
14.638287821818057
14.634811378480407
14.633499845796164
14.631279518444254
14.629690756901903
14.626460024495698
14.62105949604432
14.616836160533461
14.6133362143355
14.60819033494221
14.604481331204084
14.599805398898113
14.59572232118968
14.593174786758
14.589473731859956
14.58751670638306
14.584289433263864
14.581429005999071
14.579442160351636
14.576306084461654
14.570950629327386
14.568826171178895
14.56843254857473
14.564254134737231
14.562295242186167
14.558744030152315
14.557300883192074
14.553089107468509
14.549828683866197
14.546413322517061
14.542695084498437
14.538937392733247
14.535958461068718
14.533366255311584
14.530659600843485
14.528558432583102
14.527113833258385
14.522443636299316
14.518906254605833
14.518363991012704
14.513592478602524
14.51063242276834
14.509093787024016
14.504957430457326
14.500930674070558
14.497616495913071
14.49366634079996
14.488661629610393
14.487137106108694
14.484068110918926
14.480401846887508
14.476899294604115
14.475443640630084
14.473477227230157
14.470823088457019
14.46867632046178
14.463186546047707
14.460455997685807
14.45891308136163
14.456446407691342
14.454847798126105
14.45146989180259
14.44879457017136
14.444640346856563
14.439302611960672
14.436473068375326
14.432467013418847
14.429564897313686
14.426354192164094
14.42272734444834
14.419377648017878
14.417211106527706
14.415229095187263
14.413475960695127
14.410783644441048
14.407839943723841
14.404670626946261
14.40112152718069
14.398684893773515
14.395375230280273
14.392117211817583
14.389003200387117
14.384873399596863
14.37994378389042
14.37468517472112
14.371443119662423
14.368795304602479
14.36630221539467
14.36302157775899
14.360146846705662
14.359760676969906
14.359912187252972
14.356202185070522
14.355359912200822
14.351579428648263
14.347293007403763
14.344176623818813
14.340768220699722
14.338225206159292
14.337658159466672
14.334838457105224
14.333507537139408
14.330590864969745
14.327345976538833
14.324132888563296
14.32286565977438
14.319273771091924
14.316662195538362
14.311802200961624
14.306467031001754
14.30233954027429
14.299260787302442
14.294757488352824
14.289641445881378
14.286787990632263
14.285054711763244
14.283538402372779
14.27823370242135
14.272493469967518
14.26691517407742
14.264534748513189
14.265022248738838
14.261948988226996
14.259703184722
14.255602674846848
14.252691812430985
14.250876669804308
14.246615542019649
14.241964163230124
14.240721573774294
14.239074795565193
14.238226930096976
14.234224549877538
14.232114254350686
14.231032304481735
14.229583203697413
14.228067624128073
14.223772416170908
14.221198805252621
14.215550050051547
14.214820422119926
14.210376302253868
14.206917481435685
14.206468562569357
14.202536245756919
14.200822607408496
14.197688057997434
14.195695012222068
14.19106177836218
14.1894403123556
14.186740166005197
14.184659898900586
14.181252061377279
14.176656669285947
14.173026929419022
14.169383758074282
14.164325560232442
14.161239888589606
14.1559881563851
14.151335778140956
14.147810204209419
14.143837153366608
14.1422224552131
14.139321246526245
14.135579853254013
14.13216028248386
14.127791496340546
14.12545709330931
14.124267249140196
14.12070798588237
14.11654098854694
14.111160885753385
14.10722103091476
14.104093180807387
14.100334369539327
14.096717392200794
14.09487596928986
14.090138071450326
14.085803440424204
14.083706099571152
14.080628672281694
14.077424545590471
14.07529206237421
14.073772261944988
14.070653911247156
14.066603887337926
14.06401745102797
14.061777854246062
14.060535532994232
14.055853028758477
14.051519209493113
14.04663341668903
14.045232978253019
14.0437447031378
14.043582927267948
14.041614007550395
14.036023219819715
14.034577394139509
14.033847269502003
14.030496334507113
14.028526651119261
14.025539348747989
14.022946403121065
14.020914445796645
14.016111295193978
14.012663222476355
14.008635060220456
14.004972852391226
14.00125807787158
13.997406186619619
13.993502635319151
13.991098269266992
13.9868496358153
13.98419416963419
13.981921714783267
13.97894160260273
13.97667103547033
13.975562861593838
13.973166334942176
13.97043612578129
13.966169305254649
13.965334506525739
13.962118623737817
13.960617554216268
13.959203522537454
13.956959867583421
13.954946068714904
13.951205747696553
13.949147283533707
13.944797113496563
13.940983701842134
13.938748161270603
13.93584080991711
13.932534867037884
13.929383051382914
13.926342007310602
13.923616715971646
13.91883335609052
13.915305133020043
13.912963799655287
13.907714305173522
13.905673711050957
13.903768505037851
13.900386470845987
13.897626207581956
13.89376649516596
13.888484346989495
13.885046458126022
13.881329830331541
13.880413525632076
13.876619225817505
13.873821739221814
13.87158794263369
13.867375172584032
13.865505864028574
13.862802905209922
13.8603077285668
13.857569991931685
13.854837794854683
13.85357427532632
13.849068731006122
13.84573816238669
13.843407066999685
13.839579535881345
13.8363544250037
13.833664610014605
13.831079977534582
13.829530836563336
13.82742204286466
13.826172954580457
13.823267430313408
13.819990958472355
13.816830670151175
13.812481500007882
13.806454200620387
13.801100920035463
13.795695210211704
13.793749094177791
13.78985712398573
13.786397165670266
13.784079951952144
13.781430161609444
13.776503153814208
13.77172128257656
13.767040054542244
13.762495582688443
13.758367175830053
13.755995368812444
13.753022146182639
13.751881665244362
13.746605728313906
13.743412993492594
13.739348353987355
13.736330980692875
13.733050461461223
13.731866797226006
13.727516157147269
13.726835694338835
13.72583337695365
13.723276961691925
13.71881144269046
13.715447994413664
13.712682594567367
13.709121962982616
13.706213496148138
13.703065368579908
13.699915358182878
13.697765668679946
13.69603010942294
13.693903875098016
13.691940038581361
13.689662787177674
13.68764626368629
13.683286768669774
13.679952830842096
13.676809680482087
13.673777624829784
13.669034183463065
13.665461474527218
13.66291572138001
13.659803831730834
13.654378260523218
13.650173908614773
13.648085873809285
13.645111223161367
13.64249713160009
13.63885280271189
13.635912798083924
13.63195309140627
13.631351736124422
13.62734088722418
13.624916036049786
13.622099624597144
13.618976721992096
13.614595978281407
13.612598044205434
13.611324770720318
13.608721093091493
13.606047656006886
13.603980122749693
13.599574295086077
13.599143956674858
13.595825339322046
13.59369413945966
13.589524276634512
13.58713455080591
13.584566998349104
13.581880973177926
13.577138428112423
13.572457597280371
13.569436296814835
13.565904398306929
13.56509649324005
13.56226539774331
13.560045562194233
13.557360879015594
13.553738778132095
13.549552009969508
13.547201701504761
13.54394031917491
13.542210249837826
13.540044518616668
13.538124390069749
13.5363594081831
13.535121668699823
13.529363411488111
13.525503037449461
13.521049264375929
13.520397304979753
13.517001266501083
13.512500003398895
13.51133174863889
13.508514380087298
13.505450505271384
13.5051948377579
13.505143432728065
13.503977795801873
13.50232782653196
13.500088796610328
13.493585420312046
13.491051978275415
13.485945140427782
13.482365206944312
13.478721105425777
13.476608651759603
13.474352110407294
13.473137156533214
13.471527928334387
13.467546647763978
13.463610962780404
13.4612681617379
13.45777439685496
13.454804859410546
13.448636648311865
13.447197019428161
13.444532204976285
13.442916469718439
13.439861722995044
13.438219097610713
13.434464258418956
13.431261592505052
13.427203220948908
13.424246701593786
13.421207964079288
13.420061525034289
13.419497424816182
13.414200046187233
13.410563061307586
13.40901152375051
13.408749980722584
13.408307715863522
13.407586509475054
13.405281015029935
13.402197191032236
13.398582652498504
13.3960523828625
13.391760489459392
13.388950851065847
13.38408898788448
13.379314014132362
13.376825401008464
13.374460452873802
13.370086184535891
13.36632344061338
13.362973372238281
13.36000967856969
13.356776645247542
13.34971128558566
13.34573437861178
13.343374760704215
13.339687343360819
13.334870590675552
13.331923263632433
13.329184944249638
13.327277631258996
13.325459608557482
13.32414104591676
13.320263508352518
13.318005290399725
13.318520051370118
13.316902287469244
13.314387647063596
13.311423689448175
13.309988039097759
13.309069320526776
13.306740468222422
13.304908130606298
13.303364329778281
13.30080270808474
13.2965375321925
13.294783222916724
13.290711226445513
13.286519966901716
13.284494933424561
13.284187408792882
13.281789157149978
13.278505348716774
13.277389592582042
13.276781408007826
13.273760156518263
13.271282083996484
13.268442947537533
13.264322237490347
13.261905400429676
13.260696055683265
13.256922422588996
13.254299590448635
13.252130490785937
13.250003500139137
13.245533134194876
13.242102654353411
13.23918180343696
13.238804508455608
13.236675942113177
13.23335610752759
13.22952295122124
13.228968211551722
13.223932589759439
13.221498845604723
13.219439279797262
13.216505385995703
13.212636621874035
13.208560355096294
13.205303983894632
13.202000720457441
13.200608179886174
13.19775593401102
13.194355798791182
13.192837451068844
13.189270272022606
13.187023604541984
13.184462654455256
13.1782719321664
13.174735142311842
13.171877668907975
13.167471683357721
13.164278429684995
13.161706524340348
13.15816307697829
13.155408822679412
13.153130754977635
13.151253963043892
13.150204469755346
13.147451102422725
13.144547102509142
13.14120496274858
13.136738853746813
13.133551112580948
13.12988213871039
13.124439486753339
13.122312160099662
13.117261272741525
13.113980988167508
13.111514428992573
13.110171310981453
13.108286197607237
13.10446574747384
13.10235879884518
13.098781645338269
13.093765002226458
13.091541147335533
13.086365150124658
13.083451906178462
13.08004532318214
13.07711922904643
13.075560018884847
13.07204309560314
13.071492053690973
13.067555318858892
13.065315644167478
13.063929732576488
13.0617391494616
13.06057581978594
13.057622102992498
13.055084402041047
13.053739513829008
13.05098265016139
13.04746365067864
13.045733505419745
13.043899555046032
13.041341066375704
13.037408828671099
13.034594731647172
13.031917813772054
13.030160883306438
13.029301922152731
13.027703612374285
13.02415742595495
13.02046127297212
13.017141854200366
13.015620603085756
13.013615835433315
13.012891157131072
13.012433518503268
13.007716999168288
13.0006249803176
12.99600778044084
12.993828171981715
12.990927871718569
12.991116916168464
12.987474968431199
12.985248779066273
12.982326078506782
12.979175394847783
12.976617999093559
12.974033553919904
12.972231895721556
12.970423019814971
12.969036351183394
12.963901528393471
12.96158683943951
12.957038376031479
12.953698081624248
12.950832319614447
12.948821272334316
12.944892042007359
12.940785943614314
12.936160505671905
12.932765763945513
12.930931920728062
12.926613581953175
12.924053508158563
12.922799678683734
12.9203675394171
12.920316578290072
12.921058635329503
12.91830387227391
12.914868815463077
12.91086925897621
12.909203009567404
12.905519110874053
12.90280849685666
12.902743318487346
12.902639382072316
12.900428083766835
12.895558130592715
12.891425142215981
12.888168087205283
12.884344091730297
12.878128495826845
12.87440470937126
12.872945659053615
12.86927789012512
12.865884986953008
12.863414783938445
12.861012564718122
12.858865024130594
12.85564489416627
12.853928320992761
12.85071181506454
12.848412525319421
12.84480446973025
12.843505369013675
12.841705209050858
12.838317279762478
12.83424804596322
12.831478808775033
12.828278859809721
12.823300643057932
12.819889559729843
12.81808913860194
12.815236501267737
12.81066175402301
12.809001461488988
12.806934610915933
12.804319267304242
12.803657058695647
12.801573648290413
12.798970536951947
12.798086946525244
12.795922578056993
12.791719515021786
12.785596840837279
12.782807552122131
12.780659392295902
12.776959613894865
12.773321790975775
12.770501681988764
12.765414514689672
12.761236128823459
12.758253862329823
12.753929688125272
12.747508764521218
12.742175516844586
12.734827436126716
12.729803645984433
12.728210603551167
12.725088150702407
12.721636694322989
12.719165061774723
12.716864091552601
12.714062729308562
12.710283181196852
12.708714530167526
12.705516837754777
12.70296321113639
12.698456974245062
12.692403197399408
12.686969254210855
12.683653796888898
12.682464585090079
12.677861295046277
12.674606829591806
12.671691896477261
12.667834210289028
12.666207013191045
12.660966537423977
12.658634250940281
12.657137364229541
12.652992252295178
12.649177817232225
12.648116528588751
12.644183434022581
12.642181049373617
12.639425515236898
12.637945842738642
12.635688482095807
12.632549587415479
12.63117477611583
12.628202369543805
12.625988719447877
12.624651800993806
12.623231739995568
12.621429593400332
12.619043101287858
12.616641142958782
12.615171402666295
12.61496141975608
12.61191529859088
12.60752572510663
12.60517338946383
12.601475641293767
12.597662915937667
12.59277757739569
12.590674270336253
12.588622761681165
12.58569297167055
12.584237991960476
12.578578325246765
12.573367437602094
12.571299179659624
12.56612623779062
12.564711696281874
12.560291886370054
12.557374395567331
12.55420527296072
12.549943242834225
12.547509006489815
12.54474671528314
12.540590417199896
12.537955084221908
12.535022304573367
12.532912043187807
12.529353619977076
12.524211633940054
12.52109622472853
12.515933334151338
12.513900655715219
12.511576751712322
12.5082617649484
12.50695151521163
12.504973868927598
12.503092062357721
12.49624486394084
12.494630433505753
12.491602572429523
12.488762420649087
12.488222100446027
12.484883207600776
12.482250531010038
12.481813816775816
12.480156960442937
12.476999952472342
12.471372501016129
12.467397395854631
12.464048351303822
12.46007211447683
12.456576243783168
12.454988308512272
12.451606392185987
12.446967603688089
12.445778959748406
12.439984129749702
12.436893999662914
12.43411109602623
12.430827248657597
12.427879050181106
12.426523363898124
12.423789062071666
12.420163570922822
12.418147594660775
12.415322464560479
12.411955413158838
12.409719277968936
12.40607672214767
12.402775299458153
12.399107002285605
12.392088707617171
12.387580411229886
12.385580180887349
12.383439526132289
12.38080282260354
12.377529657374943
12.374982659556848
12.37060736198325
12.367203735317792
12.365094028014454
12.363014865959963
12.361634432790396
12.36038591292495
12.356792790259195
12.354642527449107
12.350920218744802
12.348437472651277
12.341736772158239
12.339619401329589
12.337090421310581
12.334150134264972
12.332068325480448
12.329152609168919
12.327772059534022
12.324977160779834
12.322219363165113
12.318419675241646
12.313126253670513
12.310234604137595
12.307477529526498
12.307066313357115
12.303371882123791
12.299846303417242
12.298726512771513
12.295619977112397
12.292671240604244
12.286371199212136
12.282971131696753
12.279185340602412
12.278794926353328
12.273459301936164
12.270904622892036
12.2702146662213
12.267747537622501
12.264926008975255
12.261963720683717
12.258798585230359
12.256574242565986
12.253035696646556
12.248942116689342
12.24057223616158
12.238572598677342
12.23562573457353
12.232083265126589
12.231547121248386
12.229889378636027
12.226288107382251
12.223717191655258
12.220843855932952
12.218189749486381
12.21605213627106
12.214814942749934
12.21125952199783
12.208902495091499
12.205410323456915
12.201383125878069
12.199106090895794
12.19744359042652
12.194084594203044
12.192094127359253
12.189303103118789
12.188124247334683
12.187875485257777
12.185858675003773
12.186213362500878
12.183521908256246
12.183545330516564
12.181318502124965
12.177894367774849
12.174440606355125
12.171631127880326
12.169738111119369
12.16711006113233
12.16283772368029
12.15925930388528
12.155928236832933
12.155343445760929
12.15274214622459
12.1515617042999
12.14721722458198
12.145756349985804
12.142524775226397
12.137306419369228
12.13319977251333
12.13025925145696
12.12675906882637
12.123857457056511
12.121318357488406
12.11959303662745
12.11532824727247
12.113142604434746
12.111083309766874
12.105433227984978
12.10324869012768
12.099003874905772
12.097080486325552
12.09471747978351
12.092862902679512
12.090960620306774
12.087076515046483
12.08412099528006
12.079302990442043
12.077268532000026
12.075736349191423
12.0738690248085
12.073794418983745
12.072174781290077
12.068493622402622
12.065076618090478
12.061976441959088
12.060107003974146
12.059389759666413
12.058616356589205
12.05720517599812
12.056630405621512
12.051707953661063
12.048361361304593
12.047053013983147
12.044220185036028
12.040864710008085
12.038230760998605
12.035850830637866
12.031696382635499
12.02988151568991
12.02843987022778
12.02412694093155
12.02237557986667
12.018470888063428
12.018077787844943
12.01587398628154
12.01503245000746
12.012431373082759
12.00791248044791
12.003841944916207
12.002588038910611
12.001461537999907
12.000931808334112
11.997719935124762
11.996058357753572
11.990601059316303
11.986936295351281
11.9827153617168
11.979256560273171
11.975800209981907
11.971860114586612
11.972206268142022
11.969946969866895
11.965927298449486
11.964716857155947
11.96204487589318
11.958846320252634
11.957498950390974
11.954621478478261
11.952643661808159
11.952638924542214
11.94885166029824
11.945616023264288
11.94539276241113
11.940490943065262
11.938211141680304
11.93828803772156
11.935835438652452
11.934321752088113
11.929610955748737
11.928171425117931
11.925622973813988
11.923318411439144
11.921283001652572
11.919782999554316
11.915775403707938
11.912407669445187
11.909708705292708
11.906172816502448
11.902700299540633
11.899258072417641
11.89678464838724
11.896115091233876
11.893408904389258
11.889780834621199
11.885053694729871
11.882714158912151
11.880025380825586
11.878208750217615
11.87382685697348
11.86694969149394
11.863085634310417
11.862833611985389
11.860566267789489
11.858808717242605
11.85513426930043
11.853862510141708
11.850612238534818
11.848562175986928
11.842132567715378
11.840035352397551
11.839241940829123
11.837973561568626
11.83489869321331
11.834022535523841
11.830864384650173
11.827871965147432
11.825732036762515
11.823168231522523
11.822036290400714
11.819554191269491
11.815978847011364
11.814493646599626
11.809362377318019
11.806472735471546
11.802319342425616
11.798883372490884
11.797613516428777
11.794996555999873
11.790812312709582
11.787915017456672
11.784269837765425
11.781765900472786
11.777219635156236
