1932869656.7504501
1867905441.8433833
1758977768.1083355
1642468693.4216056
1532001604.8315918
1429725419.5767345
1334650864.8722851
1244184518.8857527
1159663319.3306794
1081219133.0625541
1008593677.5431863
939310373.9607964
873054152.5186427
809213387.7466099
747763627.9808744
688819376.5283681
633360425.4281186
579911145.6298181
530233943.95150965
483464981.6846913
439919089.4689736
400691273.7888751
364590744.5953455
331343763.19255066
300319212.4809044
271621996.9644687
245184977.83415273
220516583.80763066
197615513.28960344
176764352.10841343
157713387.14247394
140125168.56138372
124050947.27165829
109336246.03480092
95766572.53194416
83980888.3025847
73798304.54132763
64683582.48924443
56527316.0229689
49456076.50159718
42897085.23880526
37128141.729592934
31964406.01747878
27598497.127802342
23662892.83509515
20239366.22420536
17286611.85003486
14804276.264864149
12706886.484467063
10891508.51821536
9447268.009686911
8228766.875302098
7278060.110477555
6481746.124496078
5781126.706776307
5180130.836320894
4675176.579523859
4294889.67125794
4012319.4483236168
3763816.1251686574
3593938.3789352523
3434888.4548529903
3271601.228316777
3138413.9834062876
3009272.107320257
2909797.9688848862
2833509.159664918
2774393.1147341076
2716007.9926630724
2652770.875702192
2594359.835706239
2543901.561548766
2492634.5344867525
2450960.074381427
2423668.0133524975
2388383.777150363
2348311.326846439
2316497.5005276343
2291710.6816096185
2262781.715372785
2243914.2975430926
2224896.969445723
2209510.7163837287
2191526.557898361
2176849.759875089
2163096.1496914555
2148928.639742679
2135955.381610675
2121458.976562296
2109539.0404717308
2097252.05839667
2086793.4987389694
2076005.7061368425
2067690.829367359
2060935.7430503196
2050279.374765584
2043399.8499782046
2035563.6061417495
2028155.2641431582
2019128.9064216886
2009448.9881674836
2002693.2800946087
1997410.7031122502
1992770.7643396617
1989642.8561961714
1984947.050492883
1981352.269383105
1977051.4591479963
1973195.102802776
1968949.9950828645
1966196.3895870894
1962967.0154701574
1959772.223837197
1957677.2503929695
1955793.916026817
1953253.9918222625
1950169.5188113248
1947034.0691736147
1944235.2844288244
1942884.8736455892
1940738.91581153
1938654.0864053578
1936305.6089358565
1932702.8905975826
1930688.8895024573
1926512.1400069848
1924566.982542977
1922692.1888654188
1920619.688158178
1919463.2663387281
1919023.9341252793
1917563.8742633003
1916253.55207753
1914615.6301063478
1913842.4627948168
1911853.0023245125
1911115.5664072635
1910369.609182041
1909247.8606896685
1908584.4562211612
1907826.3411582538
1906554.8968551685
1906057.2294095184
1905649.1211544697
1905091.8937792636
1904121.125310473
1903267.983428895
1902374.4050945877
1901448.1801023264
1900716.9028712087
1900271.7091254909
1899435.5492790435
1898621.1949117808
1898058.117014541
1897566.366983821
1896579.3224419889
1896207.3059703137
1895692.672669589
1895030.9520004888
1894572.2900384222
1893890.6426177185
1893635.4938886052
1893267.1288711268
1892936.7285904505
1892522.560292765
1892082.7088514531
1891813.512614125
1891346.6555561677
1891020.486946205
1890681.3558164479
1890376.3237942995
1889968.1163359974
1889607.4187934243
1889240.9706497057
1888886.4850573225
1888543.3181824884
1888235.8270484968
1887849.0935471514
1887543.267654049
1887044.2050072537
1886444.2506966644
1885914.2716669324
1885403.5561271762
1884845.1624266522
1884318.7887702985
1883888.8167477262
1883326.21802239
1882971.8978445875
1882454.9261287663
1881938.625778067
1881608.0216899193
1881384.8357680233
1881214.3577027852
1881018.0968300921
1880792.5370858447
1880649.1712613632
1880492.1250445812
1880410.8260624253
1880228.8282802708
1880112.4179521047
1879948.309206674
1879827.3605322638
1879707.030793465
1879582.2677773435
1879447.4827303607
1879275.4317325586
1879171.2076349326
1879019.689194864
1878858.3611348383
1878641.1628762991
1878481.922980495
1878334.1743616771
1878233.0735134725
1878119.870169239
1878028.5872144562
1877898.9855496741
1877749.8253930165
1877620.0988986178
1877484.67779308
1877412.3023446016
1877259.5317995844
1877330.758758161
1877074.836902933
1876873.520174033
1876792.1214161175
1876608.918238963
1876458.2437919814
1876311.1814799206
1876158.9205341707
1875972.8991211553
1875856.7718537743
1875700.5325178157
1875619.3887528002
1875457.2633550253
1875348.967228145
1875307.7988789305
1875241.8521721703
1875199.3404326239
1875167.571537352
1875133.5452737988
1875097.2690892103
1875056.8842217503
1874966.9311442527
1874906.6038777244
1874833.3060241593
1874759.81812843
1874699.8130542128
1874638.3459815846
1874591.7524742263
1874565.5182361382
1874547.1805760185
1874520.9405189147
1874468.0992531679
1874429.8560359608
1874387.6278028782
1874354.6411313103
1874312.0761308523
1874273.6791106153
1874219.520870929
1874179.6786766965
1874122.9860950436
1874046.6917492005
1874014.9598976907
1873977.3712247014
1873916.5641846517
1873858.9779931323
1873815.3487717183
1873750.8007401063
1873696.8539883657
1873646.8996900758
1873578.1310551101
1873464.4109040871
1873371.653010591
1873297.0009801958
1873170.892552224
1873105.641120373
1873051.7079628962
1873013.5201329202
1872953.1372095346
1872872.4369864163
1872822.1750729126
1872786.4789575825
1872738.2878814377
1872702.5417205333
1872675.0279469097
1872647.73570752
1872615.426053924
1872583.7408870396
1872556.4304178525
1872515.9261108267
1872497.8380240249
1872450.0892876606
1872385.7192854742
1872338.7888122501
1872279.6713483327
1872224.0068569032
1872152.4169771888
1872091.4147207253
1872042.5583500953
1871988.3027263004
1871935.9458213388
1871882.0058656447
1871823.8069507019
1871773.2586845725
1871728.8338999872
1871693.8156894217
1871637.0832779459
1871558.7765847335
1871491.3004928087
1871436.4618879862
1871372.8292204994
1871302.0473207745
1871236.317207924
1871193.743568213
1871090.0896246398
1871023.2768835782
1870988.682234214
1870920.920838194
1870807.1636557113
1870722.0969325167
1870647.5879094345
1870543.6034912937
1870461.4803789756
1870270.1322586013
1870186.8911782873
1870097.1712079092
1870059.2904181033
1869893.603083204
1869827.05249941
1869763.3207941812
1869637.4625042018
1869529.660565978
1869434.5027229502
1869325.061283019
1869224.3070667328
1869153.2461321978
1869087.1458545243
1869067.0981896056
1869022.3398396787
1869008.5591794066
1868952.1573762358
1868918.4883491902
1868892.7435904455
1868846.9265517606
1868830.3699308976
1868807.9824433823
1868793.6333761895
1868779.1099185809
1868765.1247815983
1868752.4850270168
1868722.9310640402
1868698.2649539546
1868694.2924231908
1868677.4912297414
1868675.6085009882
1868636.1485490038
1868638.783948671
1868592.073985264
1868566.477354946
1868532.1780958485
1868493.1803912323
1868435.846396188
1868384.7449569572
1868304.1080258687
1868237.1142124925
1868159.708528293
1868047.8891880421
1867951.1052189576
1867819.332380872
1867617.8691095524
1867412.2623518803
1867217.7185541976
1866989.014472905
1866791.0870305381
1866598.7623756712
1866444.552556705
1866179.2895903618
1866020.7302754212
1865857.6632489185
1865775.9336803667
1865699.9602769047
1865616.6730162099
1865481.4351650309
1865406.0970157634
1865331.2063008351
1865269.5613227051
1865210.6508205817
1865166.3162004428
1865091.3415884634
1865032.7847338072
1864997.417933572
1864962.9352706664
1864912.2837775762
1864861.6641854541
1864811.601759264
1864744.9784832948
1864725.3637881733
1864673.3447071565
1864649.1458947437
1864613.376614473
1864591.8263138696
1864531.6973475004
1864506.1777884227
1864451.1115365953
1864402.581495448
1864359.4437726622
1864303.5313843507
1864254.2526056282
1864200.9500871068
1864149.1959719304
1864120.380876624
1864075.4822796485
1864053.79400753
1864045.1756248756
1864024.624176392
1864006.526351922
1863996.618339393
1863984.1683446385
1863975.818157639
1863967.0164797388
1863954.7136337576
1863955.9755897983
1863940.1082161076
1863940.2553422467
1863928.9760123263
1863925.8147519147
1863905.5972223552
1863861.599857762
1863845.7310446796
1863817.1667798418
1863799.1083358093
1863689.2039181439
1863604.053527133
1863557.6541040763
1863518.2549360136
1863502.30058075
1863390.9864174956
1863379.9984967003
1863225.9800639907
1863141.2439413664
1863001.9140273842
1862905.1904397246
1862757.1123823856
1862686.2067226935
1862571.583552297
1862528.487066569
1862465.3350586037
1862405.262644416
1862346.3322025312
1862328.7398617987
1862243.2386790412
1862195.8989274416
1862130.819428792
1862084.2466584458
1862005.456096087
1861977.3534804948
1861919.5133647367
1861899.5148202244
1861833.3244669475
1861769.9318611163
1861705.6274949443
1861648.106673535
1861584.7900396811
1861532.96893467
1861484.9672724071
1861452.7362138524
1861409.0702124226
1861379.1223424175
1861347.4629977252
1861311.8264769933
1861287.2194570603
1861297.795668898
1861263.1024825198
1861260.103655988
1861234.3442095895
1861216.3599019095
1861204.5364158235
1861194.2104968017
1861171.622659286
1861135.9153533035
1861127.206945231
1861088.7601644131
1861050.9376512652
1860975.722704475
1860924.8819028598
1860845.146496283
1860769.370884395
1860672.5712912548
1860563.8998622687
1860475.9571699672
1860420.8958063787
1860375.759042306
1860326.5360157045
1860296.161395652
1860274.9335516365
1860246.1300945717
1860116.2894842715
1860103.1411516292
1860022.1254511878
1859966.4855918991
