1950679452.992382
1949368590.4416971
1939239995.951762
1924332758.9301298
1911974200.2416584
1898540913.6359057
1886211646.3178117
1872112142.4018483
1857131148.1325219
1837632783.8436036
1821147834.669821
1794079900.9574356
1771348864.5837324
1749521462.0219197
1731745193.8613877
1712190238.0523846
1694297058.9336393
1678324785.6107063
1662001922.2572508
1649063910.7125726
1632995882.4083009
1610825795.4934666
1590138509.4813333
1568111740.2060142
1546441233.2792916
1530727865.6712227
1512640255.2090902
1490948078.7114644
1474185415.8184793
1462092777.6273446
1443232976.4625251
1426559376.3488162
1411553217.8501449
1397398763.5380976
1379760668.0659547
1362335373.1601756
1345142536.5547345
1328068393.5872924
1312224384.5871117
1295958426.3829088
1282038065.4891298
1270401547.2389817
1256665266.9589677
1241742399.7066905
1224785924.3266904
1208793793.9167166
1191718781.3915746
1174940343.4778655
1162385452.2411137
1146728326.6334198
1132577376.1140094
1119638146.2165504
1109113974.8665967
1098887381.663757
1084386234.4134743
1068148583.651408
1054074107.0526568
1042366740.7371136
1031478086.9587098
1019051593.5883243
1006395192.2899039
991575986.925906
979592039.2756149
968336413.6713057
954908398.5563711
943146004.6796391
929131473.7617449
916641373.3364578
903246465.9563465
890391176.5338924
879837579.3951949
868343095.0256726
857391428.4036179
845201676.7114313
832648223.6952771
820547231.7048502
808776702.3337921
798325957.1628991
789811680.5858263
780987895.042306
773856974.5543295
763597026.1747695
751597801.8912853
738195445.3745581
726661244.5180391
716568219.9713134
708056382.323868
696738174.8519707
686998055.8379115
678849272.0894547
669708411.2714695
658662519.1790795
647788696.0088784
636987369.8421868
626369530.8903717
615859476.0793896
608457374.8775468
602777270.0233914
596472546.6730283
587104046.7101481
576839823.8770967
566432908.0323131
555384594.7664311
545401242.7479961
538622810.6612378
533460423.3513538
524362551.0755971
516839753.69142264
508962239.68398315
501997436.49103785
492726195.4402185
485244932.47960895
478328557.1543499
471152703.6236839
465073034.38623005
459331560.75633913
454043358.1527074
446560436.6757359
439132226.57596153
430926003.11561674
423514487.5400936
416359366.00480264
409049205.6400176
401073269.3024419
393827901.9425765
387949782.22291845
381597515.5595017
375429285.07243043
369531952.64282066
364465303.66012233
360232347.2208916
354193450.5427831
348018381.22140235
341674765.6728807
334220152.83121306
328060494.2303705
321951495.32396275
317490713.2115457
312989203.78239894
307466299.11613655
302341699.7014298
297161264.6417951
291509646.85580665
286584933.30147487
282022716.86336756
278257382.5477115
273013890.5180188
266950957.14234763
260919959.9164718
256157059.05627087
252123099.78007096
248467154.5940731
244526248.65799952
240261937.79103035
235178090.557567
230922973.52671582
227167185.81310046
222915725.78646967
219860709.65641025
216048946.5694588
212237808.02137578
208581284.38271227
203630747.98470038
200068081.59931752
196665833.4084811
193312264.12736094
189140857.17046317
184925916.15634716
180816722.97762161
177675432.542816
174488677.38935715
170633305.22373277
168272527.30604613
166144858.16977867
161579621.64515156
157304573.22824508
153859869.56985956
151143690.69670734
148887020.32564297
146028415.6962377
143709058.3332735
141026686.52099085
137275403.7357257
133998376.87993376
131318798.22473529
129361916.84545687
126668023.81191315
123839337.17533486
121683743.42175299
119092392.14427112
116754721.93594238
113950390.45892413
111169934.21680063
108983166.37282562
106908848.33899385
104447769.29645808
101956275.82337543
99930950.15460517
98345644.83934604
96594147.92547849
94405996.07155192
92441722.38372868
90541572.33124375
88282363.27921805
86089223.13965306
83711689.62484038
81975140.16588852
80123516.27130167
78212523.47682142
76744413.37194212
74727544.82247403
72861531.42423517
71526180.62038822
70269151.86654651
68828369.58445379
67351918.47347766
65805035.53451115
64091805.04749174
62813779.07778307
61117150.830250315
59869961.699538276
58727504.42763752
57329982.45044414
56300292.26689008
55517082.494614415
54271047.51424584
52518010.70819009
51109103.70456781
50132052.66083892
49016445.25757462
48018289.53774781
46832179.27507214
45961535.421962336
45099290.13816857
43785481.480970904
42413369.56726721
41442208.543244496
40493330.91231273
39718273.74615678
38744569.3218197
37707557.987329334
36760851.113011405
35337549.27320989
34243677.876120195
33421069.34701528
32403453.13735393
31495807.34500884
30970986.445347838
30427182.004398935
29809100.136538647
28901921.785556868
28036949.4950622
27431547.47858868
26915989.57254393
26133857.17071444
25423292.6397039
24854867.406581927
24370469.77466429
23666235.97859691
22917693.520986214
22379829.17569654
21943466.697912093
21339681.053087384
20624429.069472242
20172859.885508005
19704732.185145076
19077410.109578703
18715563.95420672
18450945.885410555
17962130.889527377
17446376.62351745
16995959.461454533
16538426.868963683
16080041.826316506
15676463.916277284
15397742.550664932
14998376.409172548
14581853.303044189
14229119.044825342
13885117.059758816
13583516.393652378
13141108.989879772
12619739.192058139
12221601.096107198
11996641.203121744
11742000.44042223
11348861.107150607
11048971.829247786
10741537.348782947
10535067.122005155
10215452.89376898
9843133.212085523
9580269.146386484
9325565.814366283
9057196.069659228
8839615.886412755
8668023.764616502
8451029.991864765
8130184.64001137
7939819.0681711
7733189.148879993
7521407.626932844
7277051.849438874
7031647.941825322
6907889.956633328
6725026.781660977
6508321.258581164
6287197.311077836
6200399.72876652
6089300.184263105
5861452.016275597
5692424.0150043825
5553323.4925095495
5460461.495402004
5304355.72729584
5146655.71311708
5034048.115097828
4897118.945972915
4779158.726435587
4637120.474018316
4532921.057177942
4497026.973131376
4316460.275376584
4198506.223948004
4097755.464214496
4001004.8977951864
3917058.3008961324
3791298.956574812
3708813.4590834063
3618582.608470303
3525258.186754863
3454525.6287469636
3359257.967590322
3317596.847423101
3200782.515217366
3124840.2690428514
3067691.7137543764
2988344.659838796
2918156.9763686634
2845506.07683036
2767586.412568162
2704533.137745193
2643114.864034356
2575822.728127259
2520669.661153851
2467710.609709432
2389102.6807609373
2338982.17944193
2306561.9503510254
2232915.289992277
2191175.2984617287
2115284.270853532
2062355.589062417
2053442.9741738986
1969649.1854659668
1900834.4873405504
1886550.0388058287
1846482.0517427821
1778236.5337322857
1725010.7421950614
1698791.7866522297
1667566.8072825125
1626998.552980523
1585366.1247535755
1531643.1338545242
1500589.1844436354
1469719.0367983424
1430310.6630639203
1399441.7590780947
1367760.7617087017
1343904.4951299827
1305897.8985525954
1280159.2535909894
1236426.2647118096
1213774.8615999864
1199492.5277432234
1180329.7930289642
1162678.8760243899
1121796.3382503348
1089255.1812756713
1076312.9294614433
1041146.6821272909
1013681.1244950728
984230.0233873482
986063.647490876
949638.5467093801
926829.8432955783
914080.6641780742
893693.1951506622
868776.3376391856
842398.0320361096
829266.8673058089
822571.7242129176
796560.703698312
773039.5110813224
760260.188756878
733956.4039111091
724040.4456351293
712840.2353374565
689218.6766198153
689485.9526195739
667570.3199219725
641454.1385492751
635443.7044091496
625002.1540019648
607993.0590383196
593792.4734372472
576653.4425824208
575824.0453566909
558347.3701951632
541365.8344966678
523729.2507934623
525123.6491174437
508491.3894948923
491730.15001471585
482696.597741562
474671.7354499485
463405.1353265873
450177.10350177536
446283.72615006106
431738.35990153084
427257.03691163077
416204.86857023375
410100.8050089576
401175.6646545449
394549.0510326369
383249.2349247585
373624.12747464975
373018.69904512394
359467.12082579045
352070.1477879784
339473.42122070177
340958.14276716416
330821.94656964217
317595.3387883636
316142.5053546907
315220.77550265624
305789.0210263473
295132.7165996651
293704.8828279894
287172.17187528824
284615.18175523984
275750.6731081612
270317.93779558735
270699.34591206984
257553.46115534604
255161.35794652067
252478.3101146548
245340.08082066267
241875.4427870546
234763.75530149185
225309.99861468465
227290.1710442979
220057.49502970322
213001.85405780576
210831.3792249118
208590.80485285903
204861.44022485983
200211.98337114922
195664.07250007975
195913.44902450393
191008.9345547375
185070.73905252415
179441.44235608616
181961.67025584145
175015.640914283
171195.1514188541
169881.4828245862
168103.614917473
164600.79513594104
161603.5255340875
155525.89711703753
154357.46156835146
153196.4192477394
147850.19515149435
146399.79625600026
145964.0986798734
139719.867977109
138961.22021573567
137563.69136516086
135993.6022147649
133916.38942087343
131112.24816931007
127688.70147243883
124641.3660941667
123013.61703738953
119593.86793532202
120761.17665603697
117683.53554556235
112959.67774490248
111892.62964254388
109380.27400705645
111163.44873290314
107181.4256744007
101898.99061722714
104423.53567519996
102169.76606226731
96859.62021257394
96149.04842561542
95798.9525826523
