1889418644.1558552
1848675301.1656883
1754805469.5154877
1650136444.966849
1541257881.0305276
1436019513.214721
1338675169.632427
1248455802.5492654
1164156803.8648384
1083335694.4794466
1003768629.6090451
929231302.5934858
859234146.1140382
795000715.0396204
734209547.166443
676991568.1481644
622617285.8581833
571030977.638394
522711495.29964143
477797255.1835809
435867052.288271
396488881.20289874
359858977.02796996
326579335.5203561
296174452.243304
267923353.52545422
241006583.02773103
216537791.537627
194051636.10397056
173774646.55312806
155468076.88279095
138499711.01657608
123039008.32148464
108583160.57122357
95425415.22520003
83532991.0403896
73073626.34592612
63729641.337945096
55488492.616771154
48100529.117657185
41477336.17226104
35778976.08236817
30890137.200673677
26475883.21487695
22848226.594536707
19738311.120073892
17027692.23557924
14717898.953511076
12782745.744431933
11067098.654013705
9513459.324987978
8288085.50296463
7235914.410612723
6417787.158996256
5796736.387535557
5297561.1140445415
4897809.000846411
4595944.652598341
4333221.448341127
4098176.983553749
3863064.518295956
3667067.859366049
3479241.2092698775
3393304.269920691
3270736.479572604
3198664.0468729334
3116098.704633474
3011660.5677546104
2920998.613276979
2812970.7752398583
2735218.024284809
2666297.413548635
2580428.818347446
2498974.7003653743
2408276.778730549
2342795.0943906973
2275289.649365035
2212607.7218433428
2139048.134382448
2069130.4056983283
2023781.7191212021
1969929.7881762914
1919732.8231151076
1861308.2381306638
1812613.388301947
1761233.2241438515
1711490.2221984048
1674765.3360735863
1630994.7098028597
1592380.663918591
1550633.6606527998
1514064.4945850014
1477646.2254900045
1439454.5920754843
1393641.2395545747
1361319.1004309426
1327406.3023162729
1287849.892779143
1244752.1680050918
1218523.0235640355
1184995.5464381324
1149989.6407006646
1127763.3464700207
1099148.7209344858
1069972.5164526307
1041253.9771813815
1017967.2684677158
996507.3687791569
969962.5527619054
948482.2217195377
925879.3072672955
904627.2020529688
882737.1255829127
865905.8308877959
849191.4452587792
834983.635284824
814774.749942837
794468.7177786245
775694.0759359672
753734.6371436284
730829.4717980224
716227.753190316
699330.4543898012
682982.5169779952
672217.2079248027
656867.3330929365
645618.7006277445
628315.9259991331
616940.5783303493
601655.436253205
588218.8140538734
573430.2432816696
563763.0295654465
544745.3947999658
529244.2648484487
514709.41092603834
502966.0721731019
490494.6806600802
481289.67173931
466803.4688669467
459992.467446809
451198.8278534554
441407.65591678605
434005.8631835883
424386.3882176147
414479.70172384684
406279.5596139914
395995.9733041891
389216.68036189117
381717.4204592558
374291.9765724477
365661.4162730598
356945.9642401671
351064.1990038592
345957.6609488555
335796.1774467647
332802.98265729134
323185.53384441935
316799.5835212508
309782.3944370492
303114.875128075
297155.6304665039
292988.0712146019
287095.3005532358
278630.705079322
272770.6753392353
267561.39093040174
263646.36109201424
254528.94748911975
252000.9580843968
245159.6197367748
239581.2292899792
233571.51966802208
231313.46019090782
226678.69964980392
223091.80478956542
216637.11932578732
214830.07915356086
209350.61534930862
204985.14915184877
201202.89838483976
196911.57535691513
193290.76959483244
190537.63064983653
186959.1376923992
183721.13482033406
180661.31418753284
176677.02912542404
172870.96338462728
170137.21433792793
166081.24294905082
164054.1827876504
160570.36264772367
158745.75047276454
155576.8761440855
153237.86141477354
149514.02684827594
146948.13790407038
144313.47225130638
143197.8744302016
140699.5408204204
138384.68610941444
135456.87184997916
132665.22657600514
130763.72130849383
128569.83931230384
125786.3122711713
124362.83018453787
124350.76868943335
120451.04899855686
118432.67196819323
116795.28045868703
113651.81500745313
112512.44603775124
109713.65216342335
107830.01512550995
106537.8637371575
104844.67670883985
102284.01740582917
101656.85775891086
99932.6014159797
98110.12576119648
95227.25716633545
94385.05571921257
92400.59569014286
91043.9387679292
90042.8487101369
88574.58157578908
86218.28812957833
86192.96041552814
83515.67407475381
81529.41179783484
80720.95265240049
78761.80974489794
77317.93989971696
77001.72986620657
75446.07511900162
73979.87177723793
72829.06495747555
71821.94147418281
70431.03972542168
69308.07044900845
68217.97684239864
67452.37985747578
65757.5029380499
64850.57083379117
63584.1412946104
62607.11473301268
61257.06432512594
60553.20812937612
60040.10614981858
58777.31543761486
57847.4072371919
57606.85994669129
56522.93837874858
56104.846857512246
55475.48289855629
54527.638181514165
54003.109592810506
53003.21275406944
52479.36464208541
51390.42048845743
50956.95675102509
49656.144090462825
49441.35809568286
48658.33751820826
47945.99038926989
46711.21567265697
46116.963560002325
45880.500135341485
44711.824427473104
45097.25458976596
43984.28270985607
43816.17859904436
42673.1711417511
42731.0897783029
41523.5593927917
41167.17675504803
40094.593588746546
39507.89307391623
39149.981883710505
38553.36383828001
37499.10690327479
36926.152766537896
36673.63453443882
35785.261632613154
35970.1227969467
34720.875493140695
34625.74401220296
33685.63097210585
33404.79945448418
32785.578987573186
32729.777098728937
31874.705771281668
31379.18475267379
30908.794722494848
30400.362435103954
29921.468025898783
29705.867246887137
29199.009029111054
28888.560720566158
28295.0609793827
27945.423589336646
27393.778346361014
27144.992918784672
27180.364686894347
26543.437467465646
26216.73810413784
25858.17050820783
25602.56675103531
25065.1083579813
24776.341384900214
24374.796808819345
24328.354505945223
23761.247657242067
23648.198642611675
23200.41485017262
23015.539584028305
22455.788714301845
22027.208035367425
22072.16634409925
21570.183562717084
21404.655069445227
21420.931613492485
21137.39169841465
20481.874914710803
20674.18238981928
20369.01497495652
19997.803339029815
19862.826671569328
19611.301085890314
19478.678905814475
19046.314751582944
19271.150689614038
18848.17932421957
18525.504460635613
18364.11520935838
18210.160092705457
18256.31232787198
17723.646966251734
17717.28225064054
17200.338560459026
17420.88867548051
17031.976426418292
16983.936974095734
16808.795751715832
16565.6025611645
16405.23097507066
16437.253908840732
16222.572060573693
16110.327862479939
15998.045883294355
16045.654172698536
15678.219373079675
15648.215107183332
15393.079795373718
15187.388376227134
14978.604770341828
14937.388829772191
14590.317469190015
14731.38374583929
14443.440421080833
14432.68434826035
14124.273790628866
14370.403385666526
13846.982214890219
13859.008139119916
13703.76581953269
13489.217557087639
13420.365596358013
12983.67438484931
13016.511580952252
12950.360620447442
12580.74015557433
12724.751525534784
12523.479105883402
12503.366642906078
12359.268981974168
12139.08814846068
12113.83690646306
11733.205017138127
11978.687805214051
11556.984753525712
11863.06039102056
11528.42893325309
11666.098332301384
11205.18373794962
11565.752195862438
11213.110466651719
11171.75326491094
11073.635690505707
10965.658923588131
11014.120519267623
10810.6933216323
10701.659388866085
10566.700506262012
10784.93090391046
10578.005515824167
10385.559531544352
10530.606734886647
10343.338453147004
10168.573679010018
10078.852755337739
10155.62703888838
9911.650348347943
10276.714186925543
9808.954309436645
9987.902401425637
9731.311005995363
9658.68642487378
9735.112422507016
9676.592959975678
9520.473310077416
9585.57703623873
9408.85104152821
9449.861324993732
9064.707259897961
9293.389676304003
9064.933689835721
9265.30909344157
9017.47710302779
9067.701688882655
8950.459951214469
9009.388284745986
8845.48256427175
8930.075364233904
8746.04429569143
8930.523851299813
8675.203892642303
8812.655456405113
8567.93372992953
8777.839886128457
8573.530363795599
8577.351473540355
8622.13027708222
8638.609875769656
8385.225995978104
8428.634085629705
8408.09769176288
8302.10437400648
8284.197317771454
8183.932094727854
8222.17545430776
8093.347453868593
8127.222353097819
8026.810263221292
8054.169428858069
7906.791273561277
8026.803581274533
7837.784190832543
8066.128593605458
7860.968632731224
7995.7800648613575
7788.775076025571
7939.315924379798
7703.646583997541
7805.174604687337
7656.138658961553
7713.847459747487
7762.277423626046
7628.926755803053
7503.409695236396
7719.133936798641
7512.670814366335
7619.910604865551
7479.409747831801
7536.240977407672
7499.658274852407
7581.953243549477
7497.400150917831
7410.401314045805
7464.484114870313
7346.732845784015
7468.371858229268
7389.440069373092
7512.952805298993
7320.140087096615
7280.7086004809125
7322.702829179048
7267.308298734498
7249.7274640412425
7305.58444979804
7188.476217509269
7204.614602941378
7208.332076464914
7198.812087912825
7229.382333978499
7156.6802782813675
7217.236994062483
7122.073163096944
7217.541316896646
7061.953751079587
7079.373620435777
7071.431512273477
7123.852582037513
7038.61197875775
7119.433727240416
6998.911238363882
7026.34287742366
6987.773359752184
