15454324.58056259
15454243.657872126
15450369.762853868
15445053.913726773
15439283.729659481
15431625.17161807
15422938.43953554
15413937.876592662
15404550.932433559
15393396.049364856
15382122.93196573
15370337.715023715
15358149.592531392
15346025.43894976
15333951.287507016
15321907.82067292
15309911.524023537
15297697.171308644
15284943.971081233
15271895.645137116
15258121.732861286
15243577.874552384
15229011.696193423
15214005.160562
15197782.29843094
15181698.551863005
15165604.002675258
15148430.483816149
15130574.516749516
15111816.038489988
15093077.418083766
15073677.555751245
15054287.091040522
15034963.347927041
15015687.55380244
14996483.704544092
14977277.434774164
14958123.525373809
14938980.86743807
14918362.754035346
14897075.791608581
14875415.165697254
14853821.620319579
14832323.15525512
14810780.966826277
14788371.92591162
14765842.195055852
14743349.363991493
14720834.316764645
14697475.930569777
14674210.298876086
14650930.422058627
14627715.820442354
14604584.349732993
14581502.694434876
14558489.904292751
14535554.46581599
14512682.583334018
14489887.353856925
14467151.285140729
14444489.83594505
14421521.716200823
14398166.580231298
14374901.003210824
14351695.369769406
14328564.922025656
14305418.306847975
14282173.891260585
14258877.813196776
14235634.10351489
14212025.596190033
14188002.674685398
14164036.993004262
14140156.598309526
14115836.163276656
14091148.956538869
14066372.509772748
14040949.16617884
14015509.18684056
13990047.675141858
13964544.460020741
13939108.242744697
13913483.13639443
13887835.066144567
13862248.998925723
13836751.07020203
13811316.971944459
13785963.460068226
13760677.949827172
13735476.568620253
13710331.431912081
13685239.00502342
13660242.405460952
13635296.18643151
13610447.570433637
13585647.740504019
13560892.270910144
13536195.248949293
13511561.059051715
13487015.185774218
13462527.087345282
13438122.234689848
13413789.707471982
13389537.229109695
13365346.86235394
13341222.19384129
13317073.974290332
13292956.458516033
13268955.528091118
13244990.329773346
13221138.964223808
13197316.628075745
13173617.512938598
13149945.042831695
13126315.467104483
13102710.056081407
13079217.747869123
13055762.74219125
13032418.390496526
13009117.509074885
12985907.314124044
12962670.5938318
12939536.039871573
12916453.878735298
12893354.352878014
12870133.61525976
12846991.28349
12823901.83657594
12800908.423374144
12777819.791800896
12754610.63366871
12731358.12097308
12708118.403908378
12684795.109006582
12661591.506768923
12638406.378150001
12615323.761182923
12592283.200188333
12569349.547082346
12546458.088395303
12523673.2645938
12500933.432913158
12478295.631132582
12455702.015834332
12433215.085741993
12410770.632232845
12388434.197774041
12366061.644505644
12343779.181975223
12321519.827982344
12299384.241425516
12277269.30580818
12255085.84725671
12232892.785453761
12210822.637146007
12188774.95031829
12166853.431671852
12144959.615510771
12123183.580089943
12101437.91761533
12079812.028732823
12058157.679517109
12036558.821473474
12014984.064580658
11993535.475418802
11972109.102222515
11950810.518126834
11929532.718146851
11908375.884139525
11887248.07176848
11866211.492854714
11845210.280180454
11824307.33229811
11803439.074843004
11782596.02119623
11761781.233251346
11741017.247858288
11720031.624196362
11699096.738661796
11678258.924221538
11657412.715514852
11636544.502584845
11615706.7932369
11594898.354676055
11574057.314534416
11553295.894028956
11532602.262946304
11511981.651572319
11491109.56855746
11469950.966235623
11448858.031964444
11427759.089081833
11406492.362566942
11385205.361640831
11363974.225307798
11342836.800675936
11321757.246495333
11300569.52245492
11279376.671843452
11258307.680231271
11237223.17279091
11216230.557693638
11195186.735388936
11174110.534579033
11153099.870140258
11132171.627452541
11111306.672717826
11090531.454822794
11069817.542774262
11049186.573976168
11028603.819884814
11007572.05438098
10986519.780579885
10965549.136420859
10944463.625990642
10923351.101306004
10902316.510945635
10881300.808598293
10860317.230458409
10839430.611429496
10818398.421341114
10797430.102517432
10776495.745203413
10755624.042043272
10734661.725076176
10713774.283854479
10692620.19250597
10671368.118172862
10650035.059832819
10628539.780628132
10607085.029264735
10585737.513924308
10564438.59532332
10543240.460555159
10522047.61689264
10500855.966376701
10479638.001967726
10458251.201081667
10436781.08650958
10415427.338193655
10393857.184091102
10372085.865473706
10350287.456779107
10328585.09791318
10306915.469859324
10285324.382542942
10263786.165232014
10242343.713652277
10220955.33628497
10199660.31413385
10178422.255627882
10157276.118463218
10136091.396249324
10114877.85189499
10093420.73756116
10072086.017462699
10050758.949338123
10029571.69358441
10008391.472275842
9987355.991741402
9966313.198092762
9945423.942466088
9924509.225774644
9903653.6003878
9882703.827969283
9861917.029922405
9841109.553221472
9820470.826863736
9799808.532913726
9779310.190616217
9758648.248311637
9738039.243121356
9717412.788606755
9696951.388047347
9676477.647146145
9656167.685421128
9635724.469392646
9615230.479804523
9594694.950739663
9574167.76102553
9553631.060456075
9533237.211657425
9512828.373932127
9492463.507760761
9471810.990878558
9451306.512992892
9430716.107354315
9410261.743268361
9389677.248855667
9369131.740501136
9348514.664713006
9327906.32696983
9307266.229225522
9286684.015089007
9266192.956287386
9245691.874154985
9225284.66738845
9204931.28889433
9184671.84000571
9164456.508580491
9144315.711084377
9124223.586449772
9104233.286585815
9084293.484617472
9064452.931691084
9044664.04485006
9024970.077734064
9005243.0466696
8985500.745919496
8965819.87678626
8946213.178005436
8926683.113997707
8907220.58825315
8887827.113917852
8868506.180728469
8849262.935095532
8830090.833813272
8810998.086359972
8791929.608403582
8772945.47023931
8754002.909728643
8735094.554407183
8716253.00953633
8697465.815305438
8678752.272917846
8660057.767235989
8641325.204075698
8622665.825858952
8604082.251511805
8585567.67336377
8567136.739774913
8548772.142472796
8530489.257886602
8512270.494070482
8494093.191429485
8475832.23290333
8457618.903270885
8439365.195601752
8421138.515260724
8402929.941678416
8384822.747381994
8366759.13939134
8348718.435828712
8330559.504701332
8312483.512494646
8294474.913786239
8276335.339294652
8257954.399210547
8239447.13495374
8221053.938636088
8202697.08195599
8184452.662855275
8166193.142211488
8148020.649117057
8129888.38757196
8111817.655144902
8093612.865053276
8075449.111775233
8057177.20031358
8038932.348724054
8020620.517285288
8002300.011524639
7983872.485686089
7965537.401358306
7947182.090668142
7928831.104110438
7910446.429286771
7892220.445151719
7873896.062092626
7855518.475125221
7837050.666641773
7818704.61030197
7800372.696214231
7782028.022125402
7763698.9307389725
7745311.573847806
7726800.573841659
7708274.158757728
7689681.0571109
7671129.932711897
7652543.703443739
7634106.114664054
7615669.047504798
7597384.349425455
7579013.360610009
7560691.628378355
7542341.663908514
7524060.201688484
7505710.5364392875
7487504.78704578
7469292.3909704555
7451212.616016342
7433072.848681527
7415105.944077568
7397104.347808994
7379266.505758811
7361357.131580366
7343605.086846491
7325780.791781794
7308094.259536841
7290289.458547566
7272630.755072433
7254894.630914839
7237204.935121718
7219437.120791345
7201600.444803097
7183818.612235727
7166132.229758331
7148376.714352787
7130581.727361284
7112767.035313762
7095058.273687375
7077317.864520724
7059704.61074673
7042089.7890601
7024584.616661763
7007079.47872386
6989696.82247616
6972255.190362426
6954826.215160914
6937166.161824976
6919656.700951885
6902094.9677375285
6884675.810203194
6867240.987565549
6849951.504752987
6832602.079356677
6815316.896227783
6797997.519104953
6780805.403660823
6763628.8409032775
6746525.163449558
6729419.579238195
6712455.611516855
6695442.248568841
6678572.0775000295
6661651.233777559
6644794.035415821
6627927.185461609
6611194.574286106
6594462.606690533
6577841.958987471
6560998.496073376
6544120.092123173
6527235.186159178
6510469.011929562
6493704.457013088
6477077.2954641
6460432.67964136
6443902.766094262
6427390.120908193
6410883.488692567
6394382.747474776
6377963.0424283445
6361592.051881048
6345321.061842496
6329103.065093424
6312981.430241644
6296894.383434786
6280830.564982158
6264663.044357453
6248555.271117309
6232482.284127624
6216430.641680706
6200445.990501057
6184542.512906467
6168690.147831614
6152844.200787351
6137003.042733248
6121256.253316869
6105562.280830282
6089963.207335023
6074321.4579504365
6058741.714180573
6043175.709681151
6027667.523558835
6012121.221272156
5996393.935158227
5980724.487010549
5965150.7898445465
5949630.804729058
5934206.316787126
5918754.938802452
5903366.664305169
5887877.181904927
5872489.115694183
5857093.733153804
5841823.002813691
5826516.122999486
5811316.880029401
5796105.711139198
5781029.331439815
5765916.782332194
5750694.818913975
5735358.564333826
5720155.829262749
5704889.754732793
5689632.969540373
5674368.709403703
5659035.03145371
