15723436.764590293
15723408.901331136
15721702.142290039
15718936.277191907
15714847.01726045
15708968.03367057
15702568.07980414
15694469.443814676
15684502.987245426
15674183.19917925
15663312.471275551
15650701.84829434
15637617.606745955
15624604.804272443
15611075.757710388
15597177.575821437
15582459.75097591
15566941.360054556
15550923.362171257
15534423.515179122
15517899.095734783
15499805.19447489
15481829.355867796
15463484.927351132
15444411.03309241
15425500.114429286
15405889.241428602
15386231.87992876
15366593.136189802
15346386.018226428
15325500.855556276
15303171.066283418
15280733.24171111
15258305.445939997
15235972.724319853
15213198.24436884
15189622.851697948
15165879.027037762
15142212.190223327
15118217.118790984
15093553.769019848
15068869.659110578
15044252.858662339
15019636.645423517
14995054.11901162
14970405.51954677
14945885.298206925
14921379.440870509
14897010.577913072
14872639.089480724
14848396.066627117
14824163.850834414
14800061.523451028
14775977.629745852
14752025.921976196
14727346.799589619
14702715.139413958
14678045.442893382
14653509.564278802
14628892.344761554
14604029.82360502
14578932.349771608
14553957.92335751
14529027.16044968
14504182.708707567
14479244.005547455
14454281.54165612
14428600.155349655
14403104.535455773
14377578.976820769
14352224.584205313
14326843.918296352
14301635.704294125
14276392.868045287
14250627.874394001
14224573.338276152
14198680.311626453
14172746.948280377
14146977.574091388
14121087.16059403
14095355.0979058
14069498.38678408
14043797.788326787
14017979.992783967
13992318.329743199
13966637.975929834
13941130.783283252
13915600.832845602
13890240.571384575
13864859.518809136
13839649.710019182
13814415.925857635
13789353.51322657
13764268.315970628
13739360.148676293
13714404.812182704
13689474.965555927
13664541.794130314
13639761.90546605
13614976.183547916
13590346.393298615
13565709.251129586
13541228.504463483
13516587.138417311
13492126.987268215
13467636.56747995
13443328.779437304
13418931.387925986
13394489.078081733
13370012.884550124
13345720.390528401
13321397.262998572
13297252.899919944
13272908.421433292
13248702.022893416
13224480.897934875
13200420.559749078
13176349.68821637
13152376.988468625
13128342.759514447
13104441.839210317
13080554.57817632
13056810.904448532
13033072.541921703
13009472.003238143
12985883.015176585
12962190.353622273
12938363.659087988
12914607.26651393
12890761.309464168
12867045.005477138
12843346.598883182
12819692.578535581
12796040.682144903
12772531.52768426
12749026.282108676
12725666.656400748
12702307.20486725
12678994.208153794
12655696.972796965
12632531.368266057
12609382.592245374
12586365.958022151
12563368.875778863
12540501.754677204
12517651.36601369
12494844.031583244
12472005.184577614
12449292.619962614
12426390.905517327
12403280.920288272
12380106.521406166
12357048.538909897
12334023.809463555
12310885.160930738
12287789.916488878
12264761.674184168
12241780.689762251
12218906.559410108
12196071.660976239
12173344.974893644
12150585.369419504
12127848.17147418
12105152.148490341
12082564.823652104
12060015.903654031
12037528.742604842
12015064.315459456
11992684.022587035
11970325.114719376
11948039.230424821
11925798.887560222
11903605.699893638
11881399.575725641
11859240.753794549
11837124.778338915
11815088.353981253
11793119.940931262
11771233.166719362
11749236.20861759
11727317.761535533
11705454.67664467
11683688.039917942
11661976.517772358
11640297.904007109
11618618.884036755
11596717.47833697
11574847.822701775
11553065.880121564
11531348.134639837
11509716.752668077
11488106.842698913
11466563.221511217
11445072.078987312
11423617.578132758
11402190.370037798
11380834.573634334
11359434.122596487
11338109.718504352
11316821.351159832
11295553.462930577
11274371.941838702
11253255.811611358
11232085.393258853
11210963.223532425
11189920.072895218
11168878.74540758
11147855.17577976
11126895.509707676
11105900.203691065
11084663.567067772
11063268.85034376
11041758.573510228
11020321.109959079
10998960.557816887
10977591.480904248
10956225.438792579
10934450.678888284
10912740.222137462
10891097.05265734
10869534.137948705
10848005.298395306
10826354.846762303
10804753.935375463
10783001.251897959
10761344.9905269
10739665.144453093
10718058.792990724
10696525.647620797
10674923.691043096
10653323.676193528
10631800.246528117
10610022.060079562
10588311.349767469
10566656.774915889
10545093.771235084
10523590.26659368
10502177.569168141
10480819.073047856
10459560.06722078
10438351.465190733
10417241.28308618
10396182.056084532
10375222.951411156
10354313.731069887
10333503.316142246
10312690.002210181
10291947.92909052
10271253.76118271
10250662.26861598
10230069.942451386
10209526.846434252
10189025.454357218
10168513.787524883
10147685.676487293
10126758.93445737
10105851.117491068
10085077.142460326
10064318.372260928
10043553.42739121
10022584.816856116
10001554.885402013
9980597.175467098
9959713.594444921
9938904.319913466
9918169.364766285
9897411.225861529
9876687.020407706
9856025.562853497
9835449.734582812
9814933.537380287
9794467.99189901
9774059.547459105
9753744.095768431
9733486.42460548
9713319.3768667
9693048.517229663
9672782.576838307
9652569.830869325
9632452.53434233
9612391.580130849
9592424.055193463
9572438.509434614
9552401.157440782
9532218.00330778
9512005.802445877
9491799.437308626
9471667.196679018
9451549.8923999
9431432.36583996
9411387.225678395
9391249.987794053
9371169.73616204
9351181.9363347
9331250.19890395
9311414.682625074
9291518.783135941
9271717.811353642
9251944.024671493
9232292.766254613
9212639.040060425
9192924.471174411
9173181.872942373
9153565.41289156
9133973.514946386
9114251.656822354
9094542.330321338
9074771.243230112
9054951.882024087
9035240.8030446
9015418.571018187
8995731.330350367
8975931.470077444
8956222.993576178
8936503.84123776
8916869.516632855
8897264.322063822
8877768.89347105
8858288.743725391
8838877.33070601
8819259.754265793
8799680.69496037
8780140.097429357
8760706.854808647
8741288.627483215
8721838.39999954
8702400.366689436
8683051.811996397
8663742.491332505
8644369.670059415
8625009.358967911
8605747.184316177
8586519.061184209
8567177.751377208
8547565.556285176
8528081.63286868
8508622.099779146
8489287.660302242
8469974.886660533
8450674.853052074
8431396.64275047
8412212.233907439
8392982.687034376
8373867.533988083
8354666.346793118
8335529.728747763
8316380.332549077
8297147.774999203
8277963.39380683
8258878.776501017
8239797.268904374
8220748.547592418
8201763.661816469
8182858.502299711
8164021.422611919
8145267.730973912
8126576.426781387
8107914.398129529
8089286.83314997
8070749.014415329
8052270.352349669
8033881.870940177
8015446.288237647
7997060.5116858715
7978639.162663096
7960303.416550459
7941912.395815151
7923652.306023434
7905408.668913387
7887300.286801935
7869208.15655067
7851084.517703672
7832879.093660612
7814810.190465327
7796692.510796984
7778697.2946946
7760704.313206193
7742857.267203642
7725012.281999981
7707177.647243349
7689356.560607318
7671645.963792642
7653889.962643389
7636252.978974217
7618641.5692315865
7601143.139761845
7583588.726883718
7566130.658161801
7548709.1940352945
7531275.493980133
7513772.275757106
7496284.389101835
7478631.294679688
7461034.0214178655
7443267.934790742
7425506.802406236
7407731.51749244
7390082.481128515
7372388.537070978
7354771.386943505
7337102.049940393
7319541.757098326
7302020.670921452
7284516.861592679
7267030.486570814
7249661.16903558
7232264.020314249
7214883.263779125
7197514.880755227
7180286.171736868
7163015.205808343
7145574.17007724
7128179.811771691
7110872.934288054
7093627.55728267
7076389.938229209
7059189.683969364
7042003.23003182
7024876.9005495
7007780.353482125
6990706.327904374
6973690.179478041
6956733.377966769
6939836.73159242
6923025.087421062
6906274.124680415
6889613.720013036
6873012.405729143
6856499.009572168
6839954.225881183
6823434.990867972
6807027.969480869
6790639.141273439
6774206.282849195
6757565.221142497
6741058.534679657
6724570.11679929
6708183.389217075
6691795.023912384
6675520.645900799
6658968.691680503
6642464.957011548
6625835.653598232
6609236.507010768
6592396.6066764975
6575624.960623717
6558704.5051634805
6541852.827446468
6524953.828744566
6508223.166920557
6491470.510164258
6474701.096881285
6457714.354763704
6440863.323631893
6423667.737005187
6406569.934951865
6389508.47451043
6372559.630021658
6355622.844829578
6338773.083420131
6321944.484653757
6305106.939115434
6288218.434385443
6271395.438351007
6254588.515135706
6237911.815276471
6221257.543321715
6204728.366328931
6188223.574068959
6171841.387340011
6155485.924717623
6139229.375373602
6122965.824697516
6106812.875184994
6090610.411265195
6074548.232047907
6058488.3912893515
6042505.791591856
6026464.912641856
6010506.938235624
5994482.605602334
5978551.574878288
5962605.6068378175
5946800.9272235455
5931005.540631216
5915354.464996151
5899700.576071659
5884157.10133348
5868515.281945835
5853014.450864673
5837347.412831863
5821869.074464615
5806322.2920510145
5790965.843556908
5775433.948053509
5759913.563902822
5744341.910457032
5728969.262927259
5713468.809913344
5698115.949257636
