15508864.720889892
15509733.31460604
15506574.696717236
15501405.805150976
15496132.504616076
15490285.048795737
15484010.454924012
15477457.296353063
15470333.109397082
15462473.543760132
15454522.632222937
15446584.458640356
15436302.601976955
15425418.196204063
15414018.10354933
15402303.52930726
15388598.573781017
15373715.533845188
15358789.88593704
15343969.592164818
15329060.518077597
15314176.642385209
15298321.974891951
15280620.275771495
15262748.864503989
15243954.479403537
15223828.32308836
15202946.474901002
15182016.756553415
15161229.766295593
15140415.597125435
15119052.528128577
15097347.228450766
15075180.159138815
15051807.5220601
15028239.245360944
15004115.617565736
14980110.85363431
14955516.976603873
14930541.207070557
14904946.765024237
14879509.158507276
14854042.188607734
14828753.46782409
14803365.245934749
14778128.020878786
14752865.166449873
14727781.687774414
14702644.098256527
14677700.23649538
14652714.75528399
14627921.898081426
14603077.318758432
14578376.36403713
14553634.325021122
14529039.39152811
14504429.647484722
14479957.99102403
14455455.404805625
14431076.657703582
14406710.24498002
14382471.602749735
14358245.917799823
14334159.356128965
14310014.392467363
14285942.541605562
14261861.322152888
14237829.296819992
14213284.620194303
14188709.799021201
14164233.557088887
14139810.6864428
14115475.088488013
14091194.336902611
14066909.99166374
14042676.67373453
14018506.144693566
13994416.995336886
13970396.515776055
13946449.308545833
13922579.760321187
13898779.242560405
13875050.467850704
13851396.9577262
13827812.694601413
13804301.557634199
13780865.746165136
13757426.621554192
13734084.479800161
13710786.72493173
13687578.58107976
13664438.105002362
13641388.372598456
13618355.802814376
13595381.857786361
13572476.793146335
13549649.43217719
13526850.059525792
13504040.659707636
13481267.38439168
13458481.351864176
13435790.527582778
13413140.520736124
13390600.639665766
13368052.056966715
13345454.135143809
13322949.35476862
13300506.541114649
13277985.664616589
13255431.96723294
13232714.329909507
13209889.538236436
13186369.377306838
13162732.24359665
13139145.969136335
13115643.036390672
13092157.915565046
13068803.485134158
13045467.704229861
13022141.352825409
12998538.489233015
12975023.192945234
12951508.702333035
12928142.836516023
12904777.309012258
12881557.953456152
12858248.145094132
12835081.906104462
12811914.489698127
12788899.016967662
12765715.178256782
12742610.245578375
12719496.682475243
12696404.05365096
12673159.493230157
12649911.391406672
12626649.677237926
12603555.28849797
12580367.801288733
12557373.097062405
12534338.169445839
12511492.232293364
12488606.328574954
12465908.824325614
12443169.32705423
12420604.473614752
12397966.878917253
12375456.520376671
12352823.602213785
12330326.075536331
12307785.009476777
12285430.900979681
12263040.054607341
12240833.280176552
12218590.732665308
12196535.754389076
12174439.80171288
12152174.031595066
12129537.368145114
12107008.685450142
12084311.244457504
12061816.948635336
12039269.931735672
12016924.681342194
11994523.889121756
11972331.099427147
11950038.34468454
11927930.147396466
11905760.885063488
11883690.56732166
11861489.35288687
11839515.094760075
11817465.221674358
11795620.18567866
11773523.02023017
11751583.774278797
11729529.994285505
11707631.042801399
11685669.609023469
11663700.809321089
11641706.663060842
11619861.188780373
11597977.102917148
11576246.672346804
11554513.565945359
11532906.488346132
11510778.414341157
11488709.427930439
11466607.348648045
11444656.949478172
11422703.470149845
11400903.88814578
11379100.727953298
11357400.359325204
11335642.409371769
11313970.959125347
11291998.547751222
11269992.46484929
11248004.894590996
11226081.660049658
11204104.165253505
11182277.969784858
11160447.205758585
11138772.579047836
11117092.649065824
11095565.863767564
11074032.831340581
11052659.123555856
11031176.003493113
11009677.265775478
10988153.228097426
10966736.164376643
10945224.269154672
10923815.59668783
10902453.46906967
10881189.694458067
10859977.322190199
10838866.473947749
10817801.768663766
10796838.61586379
10775928.171730498
10755113.927942462
10734348.950877825
10713686.629776407
10693071.284363423
10672552.930219036
10651796.30195818
10630978.731302986
10610181.967561897
10589459.51182931
10568813.064581744
10548227.916891621
10527679.634656172
10507193.332743278
10486783.2419918
10466426.839944428
10446163.406226663
10425945.388415428
10405830.962010307
10385762.972836856
10365798.849656701
10345532.571257548
10325318.31762952
10305138.877585744
10285065.203495868
10265037.593402855
10245076.404322522
10225189.077548888
10205376.442341737
10185629.147537012
10165962.971248413
10146363.334735831
10126848.69468408
10107082.185693782
10087134.23055873
10067238.476171065
10047440.36788623
10027692.46979531
10008044.318568643
9988445.723197578
9968946.672869073
9949500.143861268
9930148.892164301
9910850.749558419
9891587.055295119
9872152.427503245
9852828.318700423
9833542.15968627
9814366.710417528
9794864.62234065
9775322.532191567
9755647.78207512
9735972.220442442
9716171.740042873
9695890.523008462
9675595.860858802
9655352.383719321
9635041.367201377
9614781.819870375
9594573.93611235
9574303.402139666
9553892.449586855
9533582.513719095
9513307.954083322
9493148.480121868
9473021.41288631
9453010.202122172
9433032.620073702
9413151.632152723
9393302.63600017
9373413.614521526
9353446.159585325
9333500.067233894
9313557.398938725
9293560.166298538
9273584.402250446
9253590.184239004
9233585.183737988
9213718.796924716
9193790.31659902
9173843.466842487
9153804.008278327
9133840.58340007
9113780.237274272
9093856.158164885
9073916.78783229
9054083.72039849
9034208.13893205
9014500.642474934
8994774.19136734
8975220.61816649
8955637.775902169
8936147.15682501
8916581.362379016
8897156.403317705
8877617.612628741
8858125.31758069
8838446.941300169
8818829.020533556
8799155.820252217
8779627.864624245
8760103.584271537
8740645.103070619
8721149.636246746
8701767.176977491
8682359.19694174
8663125.376712902
8643868.441845516
8624781.245075863
8605674.28603295
8586593.58582639
8567329.345906463
8548147.097402615
8528863.106880601
8509667.04436516
8490362.230481515
8471158.033637406
8451821.150651569
8432603.105676394
8413254.058594476
8394012.70160888
8374770.61418745
8355682.044204415
8336542.821782758
8317571.830431746
8298577.066115795
8279725.87823983
8260719.269220194
8241914.208002842
8223056.341687828
8204398.8465464115
8185592.828676829
8166797.637400942
8147848.105655783
8129044.337396532
8110141.1753255315
8091489.58482025
8072735.549696157
8054230.253103735
8035627.633748659
8017275.45994012
7998759.400308891
7980435.951069897
7961998.170736278
7943669.664577169
7925264.636438883
7907066.937330768
7888810.847557391
7870763.623491797
7852656.888329532
7834757.838227757
7816795.888089963
7798849.6655451665
7780692.913360495
7762536.752202291
7744287.6450930955
7726170.243704613
7707991.211823611
7690018.2150670085
7671971.535257294
7654003.619990606
7635930.282899885
7618025.519808108
7600100.395781717
7582343.2822443005
7564382.563254545
7546391.242275515
7528388.685613021
7510548.371104865
7492670.113279296
7474862.105906432
7456986.470548529
7439123.690945405
7421241.196500849
7403255.520692519
7385001.203110765
7366808.7462742515
7348537.353965729
7330294.614841027
7312088.366395188
7293898.813286617
7275718.9247571835
7257616.287044105
7239519.513431256
7221543.150530628
7203592.594367848
7185733.635804893
7167909.058819343
7150169.11981328
7132444.41205182
7114840.0535297105
7097267.205126222
7079797.618193643
7062254.8487250535
7044859.039691213
7027458.672590078
7010198.4665700765
6992888.000788938
6975638.507300232
6958276.676523866
6941020.469439013
6923756.243910126
6906594.487804188
6889339.014194698
6872227.670524218
6855107.007534593
6838145.707380712
6821167.7052338775
6804359.350210478
6787272.48436758
6770127.610952612
6752941.020822185
6735886.363067733
6718813.555525859
6701813.648842877
6684813.401825873
6667882.976964317
6650865.1353057595
6633951.442434571
6617048.542600729
6600266.09488315
6583366.218836037
6566598.851032188
6549845.160295214
6533232.49154225
6516624.655041364
6499970.326519348
6483323.593630832
6466786.374015925
6450253.694351448
6433816.405714106
6417320.922642242
6400772.152981248
6384285.7904805085
6367863.103244164
6351434.654817171
6335039.118191105
6318708.704111676
6302469.89446141
6286287.133951537
6270196.297975445
6254097.646149398
6237951.410408602
6221745.039933831
6205596.954502086
6189443.421610995
6173307.912629737
6157165.91041551
6141134.402582042
6125143.562857504
6109262.322297851
6093416.272357201
6077676.10848282
6061926.747218882
6046262.567802457
6030507.51015921
6014722.805654458
5998874.463195306
5982993.348721815
5967042.314605612
5951172.325195146
5935326.299575719
5919551.245529669
5903765.632814552
5887946.576472309
5872086.775047814
5856304.5735874465
5840597.632285596
5824961.13502427
5809405.480236568
5793839.974776263
5778345.405275186
5762922.49630438
5747424.082007298
5731895.218897378
5716425.6902454235
5700957.178315728
5685590.758841714
5670269.388961574
5654959.630279178
