15604125.838898929
15604380.817283537
15602758.260256039
15599591.798490709
15596690.312329866
15593694.567894407
15589952.798528295
15586316.015271308
15582634.719142292
15579064.541528122
15575509.402628558
15572002.183054075
15568482.498063836
15564893.976721797
15561317.994167998
15557798.985455345
15554318.618635314
15550849.600010581
15547456.654055577
15544123.435759867
15540739.854691224
15537425.92583741
15533812.793955931
15530241.788624585
15526748.26313526
15523279.346389066
15519868.044645805
15516474.457252312
15513098.511338156
15509813.47815245
15506536.626307435
15503158.25127194
15499776.000464115
15496479.661672512
15493204.89030948
15489957.719562944
15486755.922582615
15483593.747622138
15480420.761237226
15477216.310608076
15474019.660163762
15470896.285176134
15467765.91398019
15464718.437783964
15461564.903626947
15458453.916234376
15455403.584879456
15452374.503311845
15449360.660281098
15446285.811086219
15443144.161601279
15440129.986426853
15437065.55210062
15434132.864984201
15430956.338775212
15427862.785622608
15424778.02478243
15421595.553946847
15418455.438297408
15415357.030003022
15412272.329039903
15409278.32348566
15406255.636381658
15403345.00493423
15400445.27103704
15397618.468585964
15394525.609384477
15391262.579901556
15388011.334151162
15384843.392465884
15381621.05231051
15378285.487656724
15374961.419159137
15371704.681268761
15368493.672076426
15365316.009892294
15362235.967954338
15359132.500363065
15355982.081617294
15352710.162181605
15349464.519453825
15346280.131485669
15343113.76971503
15340025.169787124
15336972.75475177
15333967.033358479
15330998.113231502
15328105.106769029
15325242.919350183
15322475.436122708
15319739.929132657
15316937.9981
15313940.470812568
15310923.599021025
15307972.761183258
15305084.025466105
15302164.643556332
15299097.994766654
15295944.423853593
15292614.908540262
15289318.292579027
15286054.96752524
15282609.108375533
15279007.948148487
15275411.689336685
15271901.981029956
15268409.88639259
15265047.063756617
15261727.55224012
15258338.65917155
15254971.12184017
15251726.105316004
15248445.64791102
15244919.936673142
15241351.224072624
15237872.690064626
15234463.06927675
15231125.649388958
15227503.150427913
15223860.78761965
15220235.481592443
15216680.789504508
15213321.29677958
15209922.427349968
15206477.202469109
15203008.491499498
15199624.67006604
15196342.264209157
15193059.920812989
15189702.783477094
15186389.164034398
15182928.268765867
15179510.100867769
15176170.405152066
15172856.1005042
15169668.805353163
15166466.679528022
15163335.901409926
15160132.605616203
15157034.100391401
15153938.696271226
15150894.923494764
15147703.86901893
15144619.426781163
15141498.090112785
15138485.223296724
15135261.702324474
15132255.146409323
15129187.534975518
15126029.818070287
15122919.79423902
15119874.01087571
15116934.429215295
15113962.543925535
15110892.220612051
15107610.83583637
15104405.36854983
15101233.343490243
15098125.503602441
15095063.665480917
15091941.378300657
15088882.515307095
15085830.140458506
15082845.221273957
15079948.858356712
15076991.487560913
15074100.045782894
15071272.835542947
15068468.493120918
15065698.962434817
15063005.256688468
15060355.033489138
15057752.071371317
15055210.26206479
15052494.98137819
15049828.214421418
15047190.461440962
15044617.410293417
15042102.575759761
15039652.987297025
15037255.730873184
15034880.371840423
15032504.875469398
15030181.459029932
15027893.973886186
15025661.168425312
15023548.19447629
15021381.872618226
15019113.436715133
15016846.841312641
15014630.486178778
15012413.323574893
15009775.839266554
15006940.518269982
15004224.185722154
15001515.465820242
14998863.19414316
14995716.062577875
14992721.013553422
14989644.763626708
14986695.308342762
14983659.318387464
14980763.195772938
14977761.730514036
14974726.140514763
14971575.143648682
14968565.265591081
14965420.27180757
14962616.584880756
14959253.830550544
14956092.01277764
14952547.75594937
14949350.744823556
14945804.650824506
14941967.696333911
14938077.545342118
14934287.889492908
14930430.462539455
14926762.446629565
14923036.073610082
14919325.885600599
14915577.045712972
14912264.227496894
14908635.236179996
14905035.170711573
14901368.51931362
14897754.968532922
14894007.016042823
14890349.77114353
14886603.687651413
14882983.134101648
14879356.688300345
14875847.180493552
14872321.136045082
14868934.320197074
14865508.741065677
14862389.816817367
14859083.734885294
14855665.401706377
14852183.00209968
14849188.422685435
14845637.142677635
14842327.788801517
14838500.788196374
14834701.5481307
14830815.470606996
14826878.219281973
14822995.603740616
14819100.08344367
14815197.746974424
14811008.0432429
14806728.61329126
14802802.345790876
14798550.94445778
14794458.242660264
14789848.852606967
14785309.91534775
14780466.461113153
14775761.098030815
14771042.432140782
14766459.029929731
14761813.162473591
14757307.717577914
14752692.28327112
14748065.475837182
14743360.509897877
14738747.816455558
14734160.834137887
14729695.625411533
14725188.69645828
14720823.248322155
14716466.415502043
14712167.388216386
14707874.55877447
14703678.875085428
14699484.241394931
14695432.460428815
14691343.09189134
14687394.18278677
14683423.628659653
14679533.409967186
14676068.11389692
14672352.197776172
14668341.534466606
14664268.840699187
14660205.508013561
14656246.648689149
14651891.823712528
14647644.110588012
14643304.690336557
14638879.633616803
14634241.84024087
14629579.553530525
14624963.969575126
14620438.510511007
14615999.91810304
14611513.82129502
14607079.467092782
14602665.657716159
14598259.647441242
14593921.089405823
14589596.648576802
14585373.145377858
14581162.650506409
14577027.172258347
14572919.496217394
14568905.925997889
14564914.965351496
14560946.511937652
14557013.184164815
14553185.780595044
14549350.393078845
14545641.609777952
14541966.036361165
14538243.465775562
14534421.52496342
14530802.39357621
14526786.995192586
14522954.575749652
14519043.541087946
14515273.641318249
14511492.815348513
14507887.09950445
14504191.174137969
14500486.16398754
14496755.456146047
14493138.639826937
14489492.801990531
14486022.88304863
14482475.185249208
14479055.490337051
14475577.503448442
14472304.140995627
14468762.895967307
14465287.757619938
14461768.108062701
14458394.998459224
14455061.376537185
14451785.050336197
14448408.74690625
14445133.372443052
14441884.632766604
14438743.126742706
14435596.717811994
14432544.52274427
14429384.464315431
14426378.738798156
14423378.80540432
14420435.280135797
14417304.30936686
14414193.641781792
14410734.152279526
14407429.781190054
14403783.376884053
14400382.995286278
14396416.800386421
14392684.962310603
14388641.481242323
14384854.24623589
14380843.454957213
14376815.879932525
14372735.386860298
14368598.141177185
14364465.399966557
14360403.272501394
14356231.34301508
14351952.475818142
14347604.67185239
14343390.048365392
14339155.515425682
14335097.82650385
14330964.364950858
14326724.354197882
14322437.833014878
14318315.292680785
14314134.195732828
14310109.502354229
14306045.483919261
14302099.272705832
14298117.847089216
14294247.917450454
14290248.556696873
14286353.168310462
14282411.449670993
14278571.010338632
14274697.413294323
14270960.267568665
14267204.331394175
14263586.294722846
14259931.979383837
14256405.257000376
14252868.723055348
14249280.87092568
14245333.898384329
14241494.923468662
14237534.406279808
14233748.535254968
14230095.302947447
14226420.229982587
14222617.754328486
14218857.377820024
14215043.36598089
14211406.30895941
14207712.504265215
14204165.799448326
14200581.163273996
14197159.991243778
14193816.144770836
14190497.757557018
14187144.803911384
14183861.893909771
14180385.69202093
14177064.428903252
14173698.990080332
14170468.367919551
14167228.177361492
14164120.208821308
14160985.61094744
14157879.925043026
14154608.590835802
14151470.984847873
14148306.123539692
14145505.595336154
14142327.838017091
14138911.81384745
14135321.203508995
14131774.502989493
14128161.831674045
14124600.060734041
14120809.547642205
14117109.85387029
14113176.99701154
14109388.907430202
14105413.480018424
14101601.858581409
14097717.218461541
14094009.73831044
14090251.638578301
14086659.625438694
14082995.459405344
14079520.271867359
14075973.437022801
14072315.128539516
14068401.675219778
14064646.874322107
14060826.990880275
14057207.27213872
14053514.64532541
14050009.814608747
14046427.69528095
14043045.731189875
14039576.44090798
14036117.226311054
14032614.69562633
14029296.656235863
14025857.666469553
14022579.84317085
14018951.85529627
14015516.010086961
14011962.277720852
14008532.276193831
14004998.634735422
14001584.45951546
13998118.506131152
13994812.233643025
13991459.818549825
13988266.088181095
13984708.757436493
13981329.081607712
13977910.139779141
13974685.766201412
13971184.352367708
13967677.843991647
13964108.964010786
13960699.642630238
13956942.473451162
13953341.83371007
13949400.05231257
13945644.92897991
13941829.787800618
13938196.966734704
13934550.649677627
13930587.700074442
13926232.157684108
13921775.5773513
13917253.461887192
13912913.92724825
13908532.138285333
13904314.983524822
13900093.322904736
13895929.410769451
13891735.25573519
13887679.669383615
13883578.860589184
13879584.603497261
13875366.953614952
13871283.96132206
13867160.042767273
13863196.876194157
13858891.53230903
