15616177.932629608
15616734.086532433
15613904.760512805
15610321.441484513
15606451.863295138
15601269.03855028
15595812.592165269
15589101.594800564
15582060.161852341
15573928.181565959
15563799.128665142
15551762.153159976
15538355.197162569
15523801.243376365
15509230.971291943
15494692.703975843
15479421.416034373
15463908.481022066
15447766.54050233
15430558.898523506
15412271.907423148
15393211.17469732
15373815.795334412
15354452.611448381
15334406.807158332
15314287.671680475
15294212.284629911
15274188.177768003
15253530.861669052
15232864.981342051
15212239.794715693
15190806.172513252
15168843.939991865
15146655.385909567
15124522.039626082
15102303.631756714
15079624.613702
15056903.278345205
15034202.94841129
15011562.453683566
14988992.2541
14966464.095356349
14944000.37510393
14920571.990625087
14897143.50113885
14873688.272770828
14850357.432246584
14827055.864706235
14803845.117427163
14780482.815304171
14756502.13694455
14732255.885849632
14707583.635247335
14682911.895559315
14658359.19546169
14633769.400831586
14609242.571562055
14584670.07817404
14560239.415912185
14535759.667799786
14511472.155399056
14487131.89585674
14462949.248354794
14438708.655497693
14414648.324210951
14390558.449903404
14366636.51801035
14342685.22968431
14318868.826720098
14294940.65900434
14271196.300933238
14247394.344969079
14223660.26676784
14199855.579241842
14176140.690558443
14152329.815494195
14128743.596610878
14105084.479108883
14081650.635024773
14058125.5031801
14034835.357982388
14011464.563250558
13988264.274499487
13964913.762672924
13941770.518233255
13918527.751953863
13895485.240165805
13872351.222445777
13849385.295193857
13826146.305528281
13802843.27491351
13779511.780204702
13756164.735864986
13732107.632691648
13708158.431722362
13683943.0016044
13659083.550140357
13634192.827669555
13609484.704491071
13584744.121781109
13560143.200167123
13535424.029006787
13510858.405530581
13486274.470198149
13461783.346294634
13437263.25589995
13412814.310194517
13388303.858364968
13363949.792372275
13339546.347788503
13315166.222829835
13290578.452989247
13265876.79618534
13241136.532399962
13216530.047538452
13191916.494809758
13167362.112431481
13142734.935423132
13118140.235819057
13093559.322346192
13069010.40411812
13044371.246635014
13019856.509945048
12995323.833835578
12970891.318840906
12946451.632306863
12922167.481421491
12897881.883982023
12873745.57156777
12849606.78731038
12825620.417811632
12801631.602670552
12777797.217270711
12753954.954113277
12730246.997962493
12706531.004024347
12682838.203561867
12658670.385088107
12634596.383627862
12610568.086859727
12586642.100259572
12562767.356276568
12538989.17171969
12514998.106232028
12490977.701539349
12466906.294104636
12442930.35089288
12418974.422886966
12395149.489624925
12371319.3573006
12347578.480091987
12323849.218591277
12300069.388677986
12276291.250777531
12252654.586279802
12229027.333505495
12205509.447642645
12181881.481320065
12158404.192242986
12134923.907473484
12111601.963152444
12088233.395967882
12064943.912582412
12041645.675533794
12018493.943008786
11995342.640259396
11972345.76529913
11949340.757327944
11926491.85301245
11903637.794682657
11880938.96918513
11858232.952871215
11835685.91806873
11813123.955559073
11790670.959876383
11768048.643261041
11745576.878054569
11723106.758178152
11700778.078221854
11678457.651893595
11656280.297940265
11633981.80656494
11611827.30356727
11589599.37551498
11567533.286159402
11545442.705118895
11523530.536371136
11501570.535339981
11479746.131485192
11457886.1728885
11436210.770953387
11414500.235003795
11392974.945760235
11371412.582617832
11350035.366508327
11328534.390126089
11307205.636117216
11285851.929556305
11264652.009307964
11243352.842112964
11222208.421994831
11200997.49295193
11179837.42863147
11158642.741780419
11137610.285931861
11116515.686850283
11095592.404452382
11074643.68100787
11053543.89116079
11032398.125181928
11011395.719437996
10990292.584033333
10969234.598217707
10948144.76432358
10927159.412837328
10906072.697672274
10884960.340189317
10863845.178878723
10842872.377790073
10821885.505913764
10800992.346267847
10780101.782130614
10759319.584623497
10738530.373855438
10717823.149172232
10697097.598522658
10676313.007575642
10655486.890590305
10634740.726933677
10613894.353509922
10593216.199131079
10572521.324497975
10551984.242403362
10531405.129902164
10510796.724514857
10490144.40582593
10469658.961343553
10449054.759804767
10428524.85760539
10407899.358283795
10387384.766256021
10366837.382445743
10346466.486656487
10326068.666988278
10305851.144376267
10285605.430670982
10265536.496859847
10245428.220096014
10225187.15102532
10204886.867926307
10184757.30050892
10164578.934309589
10144493.775732093
10124327.148335367
10104190.540537653
10083974.679101348
10063898.835801722
10043827.699441016
10023887.370992478
10003872.509236947
9983736.237951396
9963273.944609579
9942889.638498535
9922366.144849544
9901851.315429673
9881232.555178571
9860745.122749731
9840202.059320737
9819740.506759468
9799155.074190054
9778703.862659229
9758263.010668065
9737933.672799356
9717606.54919887
9697429.707951851
9677118.401422298
9656860.97679605
9636586.97151486
9616478.865282303
9596355.907654017
9576397.366682578
9556421.074336868
9536482.655028334
9516419.86150486
9496340.4390221
9476088.947328739
9456022.617478376
9435888.710945703
9415828.85204508
9395709.411220266
9375765.03513805
9355678.655972647
9335614.42413058
9315526.571617732
9295574.038413841
9275420.024065116
9255404.307696776
9235368.115171468
9215368.394391866
9195376.72021416
9175525.638432797
9155683.949903516
9135970.698324554
9115978.112720886
9095862.081918301
9075696.514211915
9055535.284675421
9035384.155778518
9015332.201889014
8995217.36151431
8975247.935852159
8955217.031577665
8935226.233104048
8915114.722532667
8895120.55300103
8874980.895471193
8854881.433523474
8834754.485743659
8814742.202898525
8794663.270250192
8774743.515397962
8754813.47011575
8735040.416595003
8715192.420809418
8695475.601736035
8675777.028455902
8656140.61266922
8636492.355250604
8616996.184318503
8597487.94699198
8578031.744896017
8558581.755542785
8539178.924561046
8519788.51543663
8500512.470440123
8481195.754840624
8461979.237726739
8442781.046107983
8423688.106708787
8404592.633963943
8385519.740160831
8366374.160855458
8347321.6399963265
8328233.372776051
8309199.655826766
8290196.9245894225
8271227.735431209
8252280.690102415
8233299.461221879
8214306.004291155
8195360.543692369
8176276.803712251
8157339.236395932
8138389.644802592
8119599.930146192
8100800.87725166
8082160.373886554
8063479.967909882
8044946.1906617675
8026385.116538962
8007851.912872156
7989173.0595849985
7970513.831916588
7951853.869431102
7933329.337725028
7914750.567254034
7896306.607023199
7877849.501995594
7859545.87938819
7841238.286238577
7823067.822996113
7804709.686752995
7786511.406321601
7768251.411924939
7749944.89882144
7731598.852873338
7713284.491348146
7694940.48535599
7676764.968912781
7658535.351939897
7640423.82026215
7622295.614824658
7604332.014629155
7586252.91578216
7568196.442704573
7550036.609212669
7531971.369762302
7513815.719736308
7495762.072909289
7477671.250478424
7459654.130748213
7441632.451512896
7423747.093223871
7405871.322133199
7388129.544618568
7370410.250625102
7352817.008435698
7335238.864489994
7317767.654077968
7300198.670332025
7282599.371056893
7265023.152582909
7247567.774305667
7230139.3786188075
7212786.401365448
7195480.219498156
7178106.911477425
7160603.305182003
7143150.432166234
7125737.95312991
7108402.93640569
7091073.122537954
7073828.637464457
7056522.066109855
7039281.301241723
7022028.270255685
7004844.758290332
6987588.988875781
6970373.7498059785
6953195.224059945
6936106.876106001
6919035.516456725
6902022.266258102
6885072.1342024375
6868208.999410351
6851407.23420682
6834693.27032425
6818039.067790216
6801476.816364504
6784972.217867214
6768555.396467274
6752202.159771108
6735935.935905552
6719730.120500919
6703481.054470436
6687241.353355991
6671032.133561407
6654829.432180554
6638733.232030513
6622682.36299409
6606732.662758332
6590788.3712154655
6574843.191583675
6558793.380068524
6542865.819862204
6526811.913776171
6510904.720213583
6494986.0486721005
6479221.0017351415
6463292.506413727
6447519.522256428
6431592.814218856
6415835.585289972
6400058.436594707
6384450.675681125
6368732.112979245
6353074.203297604
6337371.833939864
6321866.834919567
6306273.00817906
6290785.760163737
6275217.135293092
6259683.8883339735
6244041.859139614
6228579.214923872
6212987.932680807
6197606.248880467
6182137.382310444
6166883.192640577
6151398.238727955
6135871.892305993
6120245.4319290705
6104595.987738854
6088879.16140195
6073324.056602948
6057707.177944976
6042213.931481274
6026655.762491425
6011129.1897314275
5995532.4135669535
5979942.150678542
5964317.665213511
5948802.69317139
5933295.966031121
5917620.740638006
5901704.038106592
5885783.71006089
5869737.2971057
5853786.990785771
5837805.516563279
5821945.87598829
5806100.30824286
5790284.794501663
5774315.732174668
5758270.90760099
5742174.5224735495
5726119.634288821
5710016.160624439
5693965.006094727
5677963.043060858
