12.612445001542802
9.316176410478178
4.301563786889066
3.1283904619390044
2.468700166409667
2.0906291242887423
2.1004864136969617
1.7952398497090076
1.346883029514309
1.0802786816191066
0.8843987819146074
0.603304769478623
0.7438900649061857
0.42904462042636055
0.5382511896497811
0.5188705813434695
0.5846812170013427
0.42667085493337364
0.4726905408261714
0.6756566143464371
0.4435275209336219
0.6210924199104941
0.3718822045039936
0.4629865442138156
0.36169612143231583
0.40690572686118753
0.48568972693825585
0.3055307323113571
0.3595233486782775
0.21822757814352015
0.390468577400883
0.4216428376617243
0.36837432301335454
0.3843768932030435
0.3626179891927942
0.29403602080365016
0.2975111655920335
0.26757698516593037
0.21917002400717428
0.34928697663095076
0.3559136776928647
0.4625366234478067
0.4117738747495723
0.42801520001226917
0.4575095847261723
0.2960886192013977
0.46020213723500597
0.3341936897632426
0.3130934408684055
0.3238372487701338
0.40279916727795256
0.3881305144636664
0.4386009603414171
0.3539900618801906
0.3891192560766134
0.4923742577295839
0.4657760073120916
0.41619028605672065
0.28570958466800006
0.38500593611029177
0.2628511219107664
0.35281324239976725
0.31653819726441995
0.20246995832146808
0.29374178568187975
0.4380918048052819
0.49503766578251895
0.42005870036653287
0.49860111867416573
0.3088626920572905
0.3224565368425554
0.3000099501453321
0.4860257829121348
0.3007811997495383
0.3055856242811682
0.40896243755963735
0.4318278627912786
0.2536074428884688
0.35730667274152633
0.3456819115144308
0.47190640685275154
0.42863906575667654
0.43409602205124753
0.36651131538879256
0.39839172586714994
0.2998984164753533
0.3573182564234616
0.2997750804618306
0.49574124102650335
0.33017911312452086
0.27219708993918756
0.2884497586087375
0.4670208715487163
0.4765139703152562
0.43251395569946754
0.4875535444074453
0.49794181451805597
0.3125712224108559
0.3597983063063612
0.4829085165455737
0.39835892385376576
0.31354436597348173
0.2927083304890203
0.5161773895154661
0.2929852787945648
0.2773216339263747
0.41343048907917285
0.28072801577697204
0.2986354711030731
0.39223773444913496
0.36557436095694373
0.29920347592745655
0.3343632266894136
0.32061161264824845
0.32966029215795856
0.4154255774086998
0.40684733455876426
0.38734549336665375
0.3187648296429248
0.35584465723134506
0.4041819862508361
0.3302122426517582
0.31117670275112363
0.3720154983452298
0.33506706933261093
0.3502802324871609
0.41105426227046077
0.40954722182371106
0.23619096007713816
0.3681064303390885
0.3140184031710162
0.47272137336116377
0.2839060590010847
0.3981120186898636
0.4278155917272584
0.36782301239104026
0.4231365305625817
0.35661504846536507
0.4553096369003679
0.26387217477830244
0.4039489301702463
0.44658472896170476
0.34519247273100784
0.4353021185851676
0.3168623207950286
0.2736904878333242
0.32481298288388527
0.2318819605090933
0.28789137773317347
0.32201185944304345
0.35287547993826424
0.26480220064876775
0.23137956860195918
0.3308814644626087
0.3433632289536245
0.240987849579979
0.2378482074906217
0.33659960245682174
0.26076195075679914
0.3834009518985506
0.29560539744979897
0.37019573423976443
0.3905191383459736
0.27941243692864837
0.2960833386620577
0.35848875767719823
0.46426632174571003
0.4351136321572897
0.3540177596608869
0.36958518951757374
0.25033499301328366
0.3796717881401762
0.43497574377352516
0.36299407132515843
0.34893901906492364
0.3240318440922678
0.2480249970562979
0.43312833794171046
0.2642699550287925
0.36785794658095045
0.34545105793521597
0.36039215573578626
0.36299022773905515
0.35275681459378994
0.37323876897193653
0.37711235829448514
0.5151484912580814
0.2714704617312198
0.37913968586256735
0.4242718209769686
0.43027608482402696
0.35800158925482434
0.42173516188513765
0.3750420561237995
0.3359447787368459
0.33811065665143025
0.3364212720299365
0.3090243429234027
0.29765070670629307
0.39850409908876583
0.26447024916631184
0.525582125203871
0.2831132001857007
0.6204817320714785
0.34399630663080094
0.38649479141927356
0.3477811499344621
0.34633395765230635
0.40675862257817214
0.4355883271798158
0.3787836462729418
0.45920817613839654
0.38844414336548583
0.37196515418973247
0.6173208725201343
0.49971381336817666
0.5705738552623393
0.31617819128922325
0.3684385570269121
0.3865213539758249
0.35406349310845997
0.3163511793069483
0.26534713689996825
0.3483910013272691
0.24876144138814232
0.4325052763960314
0.3381916581906061
0.45765654152946805
0.3069120471708995
0.3412869732414977
0.184630343245107
0.3991459363074034
0.3046505379582009
0.3082695112956012
0.43259887393114166
0.4289493889570644
0.25749545741884156
0.4111484051089607
0.19881172438926664
0.4387005414042427
0.2464926702409588
0.28882543376128283
0.23739841509709725
0.45932716447716193
0.3904482156083702
0.4735080566619637
0.5422370396213443
0.37490367728807056
0.4368579801673441
0.42539954770532984
0.4528698212046327
0.3142680319452297
0.38157461020241107
0.32722512874097665
0.5175763489683055
0.38225886956901894
0.4305651452957613
0.27810809695601496
0.32034754864044834
0.2465484727126821
0.25959484026850155
0.17191811534868467
0.35745262336403455
0.3269176685079439
0.2630348543780811
0.3074221981326711
0.3261501936297529
0.2956858488200808
0.3166567365281174
0.3456919545708152
0.34887666210874146
0.4141741203328633
0.39068873158389056
0.2399915682582451
0.2742578617624796
0.2039641104235264
0.2539672175979064
0.32740253998022434
0.26081585822240155
0.2613607711055532
0.2239051727866185
0.39999383897792934
0.30530216745519984
0.4719037062916622
0.2541890367771586
0.39748770851720244
0.3507447801553524
0.3004231062851881
0.4237459441158163
0.23491997458139652
0.5278031156010522
0.24693206016067568
0.3803545805392015
0.31380901341476686
0.4330413683705726
0.24863216782516945
0.38286581323249874
0.32693376384405365
0.4863971884133463
0.2991225593261672
0.3235100458400935
0.2885938648476497
0.44272356827438913
0.30149221216847677
0.4260110985238066
0.3172574484856579
0.34941878062334625
0.2631997365870338
0.23513406348603758
0.4912278065224925
0.29222442291425343
0.20003216148826658
0.23518742969560005
0.3104637187583847
0.31940999052557506
0.25221302965547476
0.21838949175577219
0.31244577921445893
0.5043700650376612
0.2595423883891083
0.2663505075354334
0.3846638051098319
0.3777251227294951
0.2677586954783076
0.29468101831258076
0.327882031883022
0.2780502154518502
0.2956906126851164
0.2177763353492139
0.345329508934366
0.2541560052510788
0.2637938163778231
0.3703826414492841
0.3016713049212751
0.2466845645508192
0.3659402575636135
0.3402700019689321
0.3760534925416175
0.43340021434347464
0.21761444039818684
0.25892619819345597
0.30393967264238164
0.28719053670858136
0.2505789743002618
0.32223832074457837
0.28591295485449847
0.50987567648504
0.34816763153408803
0.3274400169621047
0.3936329697962513
0.2165676475453919
0.4151633842543247
0.25717106601487705
0.325638740770123
0.39416113407061293
0.19170586976666698
0.4699058448736999
0.22872113800042684
0.4116638796558214
0.33894452970594624
0.4013890528398593
0.24828108550262118
0.37452374362886437
0.22953166904855227
0.29129638969440547
0.3070498874440383
0.187772016183453
0.36230689398184196
0.23509779469392308
0.543456492075431
0.2513451045343949
0.437372407869596
0.2575779508083874
0.39085318630524973
0.2602662465525737
0.4439592963777806
0.23691866711508014
0.36576622077043425
0.21161222506196856
0.44862118676627183
0.3722010453681265
0.4181893060341447
0.3487337471371829
0.4176707238031689
0.4944853041577182
0.4096751515694391
0.43396051035693844
0.3784087385480781
0.38509414208388376
0.21479303376517858
0.47617817965659515
0.3468331757330681
0.3062221047320574
0.3239177698098943
0.4098896808594817
0.44468806417942247
0.2978038572778375
0.3492421875404964
0.3597584447848869
0.33122057858247034
0.33722206101663177
0.3004666663795274
0.32068367645014884
0.21193403881267497
0.23271870563772953
0.32544379883249996
0.39333384158302026
0.33880437956988874
0.3011828772389307
0.3237390246014641
0.298119626703794
0.32188498617306255
0.29565354546352246
0.37938291469401586
0.4066089947384467
0.30217624080890126
0.3298619152548393
0.3388642061458202
0.34377513787492947
0.475966646314373
0.28488068525085364
0.5229972370465336
0.3190621936022241
0.41292340617749496
0.3248760333415055
0.3913746500164951
0.3999348778570465
0.3455299151292307
0.3452315396178456
0.24816675705390523
0.289017135277949
0.4762446057905775
0.23533583928666985
0.4163987297200361
0.31295782047973014
0.4145543594276407
0.3176358265830744
0.371663102748821
0.2607015422312732
0.28288074851874623
0.46198433925716625
0.24683438057248794
0.3545616042549522
0.33197259619035513
0.3500485538581325
0.33457181971662103
0.3737216329101335
0.4515243974384636
0.4946588343066415
0.3949421085002747
0.3408472477636115
0.46524357320640713
0.33208199726373594
0.3308077827960611
0.26423292913169116
0.4207701458021402
0.346821960782943
0.24824247270268507
0.33351600984101043
0.3747345419161653
0.4354641583012208
0.3590866608240821
0.2890314774412827
0.3935523232777342
0.36661172747571075
0.2824514283803998
0.2957850030560265
0.3280827955248544
0.4265658331604714
0.27867142536319767
0.411823270646034
0.336128640817229
0.2735474742332881
0.22411610188880376
0.3665469617523979
0.22951197205351304
0.40527522124533516
0.31163894069505094
0.3919941349096223
0.31841184479266754
0.6237521242041342
0.27257748240611623
0.3113099643931756
0.2688574400016541
0.22021880991722462
0.24759670924602853
0.23838761674819117
0.31504176663388794
0.2746637562433357
0.34790809297364195
0.3422936175132149
0.28738504001544485
0.20304799281914007
0.37095588927730017
0.2851380072054574
0.2818777955751471
0.30320416115381227
0.3301946737017862
0.2484935991895146
0.284771208323219
