18.119920030527243
13.754022689233825
8.321988564503181
5.044367337252966
2.9058989788195033
2.7153153856720493
2.566073789164653
1.6376431723596894
1.6335471161564386
1.5470445665059205
1.5796471295664902
0.8798637908675221
1.0995208733770034
0.6851001969121415
0.7400046729057775
0.9060446846273457
0.6400617899353718
0.5462976278998545
0.7391099229304479
0.6805002932174791
0.42431619151610805
0.4444808336456757
0.5947920799783963
0.7289311345100726
0.4628004649498906
0.4743825165768042
0.3109185278001852
0.2975399687828174
0.6387989623110697
0.4179703688410426
0.4250519925654432
0.48490032917216097
0.3229854426514307
0.2925501954592632
0.5617733381974451
0.4633011060120316
0.3698616389894822
0.3266109317925261
0.5199807688573764
0.34392950853775506
0.35061975019554614
0.3654837246115538
0.595478162622028
0.38046337857985596
0.4201649337923333
0.5466184161914979
0.48394336284416883
0.6115825538484525
0.20293110583662505
0.4343715241716456
0.26490786767364694
0.35717199763355406
0.40634560571991635
0.42553442549748005
0.46002324679095236
0.5408948912184687
0.33689350629770154
0.31823046117099285
0.37844464319293036
0.28767734464581224
0.3676588119122364
0.24423057829603906
0.40267824739419633
0.36372198005458256
0.26901962857924655
0.32096647318904026
0.3003872248300054
0.46021703061684616
0.2764027295039425
0.4361673071012283
0.2784305948672254
0.4637417680287111
0.3631741188750821
0.4620073107957811
0.22030111954508835
0.3625898343803774
0.4053666672476962
0.37913922136723527
0.37020167988264147
0.3357509119181236
0.3563274484709381
0.46832815674879713
0.3610281087482966
0.445425443745241
0.41115940287610786
0.4671942420220442
0.29655960963067074
0.31606859052217795
0.23022023544037418
0.5040896022121675
0.2450615914554605
0.2737878091169545
0.2929970229973638
0.3206740991425084
0.47711841320207815
0.4271139546584944
0.28282361609389667
0.46193313785775786
0.3688669402430437
0.43007410132309754
0.28314958900493875
0.39146579270356596
0.33380604042449447
0.39825404053385266
0.3692057138509409
0.3681988678157209
0.42649485661471037
0.30233644140544463
0.38153225188449785
0.3583998008342512
0.20452766488109536
0.3236826790071712
0.30261875859263393
0.28493544958053124
0.3154635958861314
0.3989265589315545
0.40763341006542486
0.3963484118442358
0.3421060008557618
0.3210424048227001
0.2753410696388554
0.2951890801500089
0.4778744011333163
0.2897709588871219
0.34954663194246854
0.2975096696469986
0.3418511299467362
0.20087377825143973
0.34180311013497056
0.48341273249736416
0.3693404048377944
0.41340171246833674
0.27970503108591854
0.4787597918448699
0.43316524010654334
0.3062757029783012
0.3786293179551318
0.45313590274850574
0.24011500910901987
0.3657390747647333
0.2867661191298489
0.5503589559205964
0.33143781393188254
0.4463913924774974
0.3954660755925443
0.3591155224206657
0.4895896479135049
0.26855669368175716
0.40643038369346474
0.292777585889147
0.5583836158359978
0.36473877170078023
0.3501804086563749
0.35361230784458475
0.4230832674074809
0.3414031597385112
0.3863072932628805
0.2994075240166825
0.49613351791057914
0.3346002968373687
0.3017247798468362
0.28934776888921976
0.45042606801670415
0.1735581036585705
0.4026300988262847
0.3603473598416305
0.33796487162951955
0.24404191471594036
0.44043752313316453
0.3641546737472738
0.22097634309347633
0.33505937923292833
0.39123921440743203
0.37466730766365364
0.33416166197655195
0.40983475311748746
0.35580966695226485
0.17826384925902816
0.23336094948244093
0.4047248050625997
0.20639940487828884
0.3683185163080364
0.23364707823836592
0.3184031731229486
0.24794671565449375
0.39545922142070894
0.3790572427454943
0.2824506242785791
0.4252528226610117
0.21787574057055287
0.3195515279304012
0.18483246500622574
0.35021458959265594
0.3783951389403051
0.2776320137260697
0.2682906202681095
0.29595334871074364
0.4055934474138006
0.3401276742149417
0.27109857423664285
0.44201749812789937
0.3243157752528798
0.3285407344462098
0.5094808186666192
0.2616641127864177
0.3408607593684183
0.2632456260402126
0.2534374649647159
0.32177760417903906
0.4185720593512079
0.3943727416472396
0.2395279101504162
0.2500369072981824
0.330799230830181
0.41011668037243754
0.440579517443027
0.37441300230484087
0.3668170641606182
0.417652854400277
0.3309748317496213
0.44644162229883977
0.33021539911810327
0.36964474120044144
0.23442883905277936
0.49684880489070044
0.20710272746152364
0.2781990075864003
0.29464134456860835
0.2845336935338402
0.29087605398878624
0.2594659892858059
0.32167178647128114
0.2506529887283115
0.27224624470108
0.30289010915408016
0.30191430295802657
0.3692305221063363
0.3500568379618816
0.31440941513917303
0.30278842306370995
0.23990653404765944
0.43015901087002434
0.21123387872382532
0.41541154159771504
0.2645239964555081
0.3087396258479192
0.27749494501933314
0.3747479036727224
0.2513731370634503
0.24423624685481962
0.3431188028673467
0.2909212177286048
0.2219048043850433
0.29136085923177424
0.23971984661742685
0.44615661517531624
0.24174270179324475
0.22143082242882647
0.23701892731900764
0.27715680956506694
0.21493513306073636
0.17876796462711597
0.24990463801973484
0.28133448188467164
0.3173672032665531
0.2958884991013714
0.2683437003184216
0.2957123972666408
0.2972538211749042
0.24479966854284962
0.2995252757758322
0.40047711296518873
0.2804318832538618
0.3792931698660125
0.2497599510411507
0.3770175836836689
0.18944932177987522
0.3137464387287515
0.24985124332569697
0.31163482424042904
0.306694325044546
0.3285704512022338
0.36918524373113903
0.3637806497857123
0.3113738431668128
0.340127594661486
0.21762449944822587
0.35644249312668347
0.2167210062082471
0.3869457612747487
0.23004827266529898
0.1804936984694935
0.277717286314281
0.21574667394676553
0.28206870524433053
0.2979963999754225
0.35597565838955697
0.28998755823339256
0.24402417751203567
0.30615968304093266
0.2024308659431752
0.27034316435769945
0.23521360997797996
0.16293495459660062
0.26535534242806896
0.2491159657945054
0.305855624681386
0.22392709694610635
0.1892558300486187
0.3033613314225632
0.2124877183953055
0.3017410367925417
0.26815462610017265
0.2135594761473571
0.321506054751361
0.19468207587178066
0.2395103896508591
0.26087988542493823
0.3468489171145201
0.20911784448377554
0.3703621472572266
0.20361091778235862
0.35243070631280354
0.2854408876097042
0.30958554487927065
0.27396828164173187
0.32190722430106156
0.15082443761018163
0.2753428743641052
0.37839466427842394
0.24948693973475808
0.23588621217868788
0.2398813074338377
0.21909861020854282
0.2610772720857671
0.2660309458648286
0.2441168680992845
0.3926852335256018
0.25980372198718116
0.5769923821546555
0.3340738745041376
0.4569231198747139
0.31228402408155964
0.30413457942541805
0.20979119605562585
0.28583757627380807
0.2761999146510884
0.20778173355326807
0.2521968401302667
0.4291618728995382
0.3598015362165154
0.3140423133293647
0.43065632039838714
0.2559582453816031
0.26733467877384737
0.30797569834482824
0.21458625432395081
0.4128941667769377
0.1992698570773937
0.2375232493465817
0.22532059903800558
0.32114217178333426
0.23407135844870586
0.35140497627329315
0.237062344204754
0.41580576693949123
0.31834788007464543
0.3471050505389732
0.3288595364858011
0.3223741282624921
0.21844111235788602
0.20459393655436378
0.1502871859686233
0.25667468524712106
0.17635094158092124
0.3065236886510986
0.23973439820472572
0.4018714711170057
0.29002426585444485
0.24100136735083696
0.25701763555513374
0.15954619009324408
0.30790090129486114
0.2831941245128551
0.2605700215781713
0.20694007683607682
0.4415803888851338
0.25331075391067776
0.22313292058506903
0.27974773493053884
0.31077901402708674
0.21922261816017274
0.2903302867959155
0.39886181688213224
0.3005325487339422
0.254550492570531
0.40236784777180246
0.2703355910506414
0.35050315500759227
0.20068525969176093
0.35090912816635383
0.23227261238290914
0.24559341601926646
0.26775327690611794
0.24096834976816453
0.38234857074309764
0.27224290457575173
0.2302116970483692
0.2886155197432365
0.2676363714629336
0.3119680846206909
0.3152468979593375
0.35417516903264096
0.15440436238694524
0.27827537978599104
0.2274289139330807
0.3815269024767826
0.24542693640566146
0.34983060118058745
0.21114020220745594
0.2825669192633802
0.20555680798993511
0.3514755162547896
0.28887291645457047
0.23547947212127177
0.24050675454535167
0.30752354914536656
0.2364896174653277
0.2584975122380934
0.19156737812384467
0.35737416404917816
0.21267932550148919
0.24271691685778074
0.2669539801155498
0.1622190184280273
0.2943432436356246
0.2681045144763752
0.2976879001167597
0.2972662334284586
0.41433902097701114
0.2799649447159309
0.23074503950796918
0.3331007316414979
0.37395671808957315
0.3619590512957045
0.36998089197391915
0.3928932568149516
0.560968970167388
0.28364372293929807
0.5454380968954526
0.2778057986288065
0.26799385028332123
0.319227749870514
0.30356981410782397
0.23581038345745015
0.3750569110812793
0.2879859324050358
0.2769679960259155
0.2845274641357025
0.22778532217388772
0.40043401252731614
0.24211588236882858
0.25856776982641777
0.25636481852833415
0.4064668667295519
0.3961014460366333
0.19681684892524995
0.33919767225785574
0.22145171224810192
0.19768299580056786
0.2268009852849894
0.33037723685036346
0.2660809887433591
0.2981044701408042
0.3754806731073498
0.21115393115125797
0.2930054912131314
0.2017113902023683
0.26061338735187317
0.20753120683525927
0.46242325155955044
0.2007938112929958
0.25876680671421104
0.19035589117950813
0.2782331402649821
0.18081452850092924
0.32379748444463197
0.22335228181485364
0.2822322846065566
0.183016967636147
0.27770369882134543
0.2397896747562958
0.21541916340584094
0.31383601959008595
0.28819400104204057
0.2644490485143476
0.266706231670172
0.37799321570087635
0.27551768224620776
0.3184945066416266
