13.665454582261797
9.895409947483095
6.217234112253189
3.790071535991399
1.6504586133106698
1.813963127887555
0.7444520676666723
0.977042863139414
0.3020070869652077
0.28399933166997154
0.1455155622638615
0.13368978392362754
0.07199957946218592
0.06736773128047759
0.04596289837756092
0.02720403377363307
0.026322115498506927
0.046705961745726325
0.03900916603629042
0.06403351726802636
0.07707941737153315
0.12506716043056143
0.1104065975612642
0.17189593191133473
0.19218931260565025
0.2603418237055425
0.23662514152316064
0.3137729031620819
0.3508863657698731
0.40751054759946437
0.39416357050752027
0.448491035549663
0.5228202160988249
0.5818493434047013
0.5761269433059023
0.589645468617357
0.6861055594689405
0.6759944602714665
0.7333981747533914
0.6971915406773728
0.8277509707770075
0.6838304364220009
0.8468914419208283
0.7189175325464692
0.8861007042506869
0.7093193879557642
0.8643465065334257
0.7507274433626812
0.8866031188342521
0.7186711435994356
0.797063160803981
0.7265420798047293
0.7454900311651476
0.6586562570027656
0.6222953719353501
0.6031252413070117
0.5570029238741815
0.5169689891175044
0.42426639647235964
0.44433753591342007
0.3564531382558749
0.3497905332005959
0.24400268090392294
0.2579834259312372
0.19593307669805318
0.1800074913023947
0.11980261787740118
0.11671064857394625
0.09533177115428204
0.07551562282793435
0.0424233020431645
0.04524584197475824
0.030353253298124765
0.031753562670523185
0.014336162660819619
0.019809250663582682
0.02077064477627648
0.016123216010104784
0.024016216597724963
0.022514354679401292
0.044212767844288015
0.0400253928606882
0.07346868621290767
0.06216366962618737
0.11676866556579332
0.10675620032221193
0.17780765338915214
0.15592888008929792
0.2230285923094505
0.22952919609307176
0.29915916178810154
0.2996614493854429
0.33480081012516166
0.3970579763702346
0.44316162628386013
0.4523975851382745
0.4483770614822537
0.544698351628048
0.5793410824892444
0.6122449941288215
0.5766260212986296
0.6933617195946626
0.6735197498110806
0.7463008444518678
0.6807102616747361
0.7913992650734494
0.7327167922628376
0.7830601947009405
0.7518672941409458
0.8046815740301303
0.7585031908158677
0.7471418974768199
0.7510781544075628
0.709867636052751
0.7237540983769335
0.6323506642611031
0.666140359339961
0.5555056575244894
0.590938444270931
0.4858548021287382
0.509917293417038
0.40614926596012346
0.4260334122191573
0.3228874770872119
0.32691824304265127
0.23793418445355835
0.25472030400545403
0.16944062674154328
0.16820523823495412
0.11653951697153947
0.1190934156251635
0.07874849213530875
0.0767746082316113
0.04392374517089288
0.0467165218443894
0.024529610122122552
0.027975024227450296
0.01636714700923453
0.016396016011559315
0.020267101174334192
0.0197572852851332
0.020803014182855198
0.019927638197923526
0.03609993115323664
0.030493253183721727
0.0581189175539052
0.05026550335638671
0.1034975812761495
0.08442173433754273
0.14767078933441793
0.13501954828336868
0.21140305523118683
0.19815468493599783
0.24978268341538395
0.2761346819373381
0.3362236191517905
0.35301440918300336
0.3678413938626314
0.4490954164802968
0.4601796714676465
0.506614745479626
0.4861403148626346
0.5835524529000548
0.5832560206242833
0.6512023368851187
0.5907079106557239
0.7264030955390536
0.6765537457210782
0.7610298358989939
0.6890930083805467
0.7964774241866535
0.7409401123427111
0.7669386415440055
0.7462259907410101
0.7723621535805298
0.7677722698060437
0.6948870140226356
0.7266351584989016
0.6502300606477374
0.6823963999932579
0.5592076998873371
0.6200958815129646
0.4853111879286752
0.5255706666238229
0.4150930859174846
0.4523485828688238
0.3362352528073756
0.34772415702554044
0.24469310208509532
0.26791828951206886
0.18957328789632544
0.18358576961248826
0.11682080051976566
0.1226741226875639
0.08227308372052294
0.07924566649343932
0.04259547986275861
0.051400547827573084
0.029153508957043908
0.028012061386478115
0.01624736312057292
0.02178516330728949
0.01790885759571475
0.017511758184786334
0.017867459876414107
0.021337497172033267
0.022793914814074574
0.025501935747529278
0.042966263723600996
0.03520171959938624
0.07467136784637736
0.06696129638689778
0.12604582294475333
0.10213970646255567
0.17655690155785775
0.1636175722009846
0.23642817715492906
0.22799068998640312
0.2829366194909723
0.3166444223765321
0.3627363891807139
0.3809568865850622
0.3916119786602101
0.49255974998308627
0.48967195084430803
0.5375657843526215
0.5061797721855799
0.6242255439319879
0.6009102001324083
0.6744464604205194
0.6128574710153816
0.7558823593314191
0.6895905178959132
0.7637446787812909
0.6966235034997178
0.7936550163274404
0.7467353343881747
0.7543280495028173
0.7375456890763376
0.7426695454575549
0.7478446941345956
0.6547725846236265
0.6849708628322001
0.595327395010595
0.6473411081209138
0.5082547450139806
0.5666346700778218
0.4362604134210092
0.48740137581897264
0.35586138799132405
0.3796602026482041
0.2716952004179135
0.304446553633798
0.19730941879572184
0.20640419724114212
0.1359293136392224
0.14731772816237446
0.08463496070539306
0.08725154498988438
0.050001380139045225
0.061041213930927055
0.03198129422222728
0.031705501006764926
0.02022545115545692
0.022217923681365558
0.01905525758914719
0.016971335312997257
0.016684827865308883
0.018621898495532408
0.018232568630527284
0.02380417631813874
0.029198156546579063
0.03007480086163264
0.051587165752800784
0.047542101270277075
0.09347877837710182
0.08448892946808592
0.14465459618874946
0.12775603761473944
0.20025448300288942
0.19495682687411883
0.26032951048242703
0.26515199900131375
0.31286658112984167
0.3575001518175031
0.3856311879862032
0.4183923077906463
0.4194623296449546
0.5231319241145734
0.5107057847201705
0.5780162052716667
0.530674360432455
0.6576382666159009
0.616023522695218
0.7121412181434054
0.6358424993186903
0.7690331157203346
0.7045341815116474
0.767522065923058
0.7147823235867228
0.7911200089723681
0.7543491824528908
0.7419889417830928
0.7382238665133986
0.7050854049057396
0.7265869918900629
0.6283923287929893
0.6703733861245751
0.552014033974328
0.6095675606285336
0.47169013857733394
0.530733061272268
0.3980368327295436
0.4457716019353271
0.308925200057219
0.34282360382079385
0.22881697487078445
0.2637231511627506
0.16156133188884486
0.17312058476850423
0.1085900507411968
0.119513069904547
0.06523845125828706
0.07295899121504373
0.041079128471086246
0.04756840872705526
0.02729601730484294
0.02736872168019778
0.02264536245319063
0.022574591806567075
0.016030176899978623
0.018725995727060425
0.01812705932079701
0.022623973119909074
0.01885452610140537
0.026926434511738644
0.03661766322413769
0.037445155413178596
0.06329400149202832
0.06224786440124563
0.1141070122717888
0.1043062669144759
0.16498509334198713
0.15470853895961192
0.2204741927369997
0.2285948180336765
0.2844279682603234
0.3035179999579532
0.3317455246166466
0.39932185852067903
0.40472601913297035
0.4549172186435825
0.4432505161081409
0.5474196565250007
0.5330342647645792
0.6121308842489638
0.552129154225354
0.6869788508994417
0.6351715045487052
0.7433371958421455
0.6519433159459108
0.7793819295548634
0.7170559003583248
0.7732424558979059
0.7199544090674042
0.7888018494174132
0.7561270248177865
0.7259362189102953
0.7242743607436339
0.6784046964835669
0.7088128337431636
0.5960878816769255
0.6471184290281423
0.5135564716179245
0.5728003291360253
0.43605901372045586
0.491413334621847
0.353555468461879
0.40267184809455514
0.26787614038663343
0.2997542237257355
0.19235289435245545
0.22262145159961558
0.13467048436283385
0.13860075478738598
0.08517499760261694
0.09441482612213055
0.053114514714433604
0.05992074610580435
0.03681874072555266
0.03775432764528107
0.025603646155947953
0.025547177404763338
0.020798961328502893
0.019349646825695448
0.01600999715680061
0.01869012388238553
0.017797123506270274
0.02411710790868286
0.022938834564125227
0.029054872542430183
0.048136545396072976
0.04624661433706505
0.08088077137897488
0.0766185685290705
0.13788089012971974
0.12303545277943263
0.1920029038027427
0.1812384722295413
0.2446558957860258
0.2581081496629412
0.3160578384093467
0.33610083580080835
0.3538258219635403
0.4368207780646013
0.4313135012265156
0.48737143221567114
0.46978897489661076
0.572167623568082
0.5601742465469535
0.6361588470481179
0.5766972228842432
0.7113550569666127
0.6553682642303612
0.7520535534774008
0.6653335352087383
0.7789864024846932
0.7277887299780557
0.7668851721693586
0.7245002896788416
0.7794232285475828
0.7597044220434613
0.7006173555696562
0.7094105889237583
0.6455949220763431
0.6905953672704169
0.5541833061710415
0.6164603603345014
0.47604297954334235
0.5371542922443565
0.39567795507558384
0.44810547628572395
0.3125995431435683
0.36248721686747665
0.2285287568005726
0.2609300864036211
0.16556044505159373
0.1920879633789988
0.11149591600153269
0.11448889707147786
0.06816628757595913
0.07974533617784176
0.043764025146676835
0.04866401060204228
0.030743614615849832
0.032697056673766205
0.024938869832321662
0.022909697214034054
0.01763733611291256
0.01864398925650882
0.016802702289616833
0.02088633350707777
0.020236574513679075
0.025354183729491487
0.030658095164681418
0.0334602402999584
0.06291606971610539
0.058782861539734034
0.10156472610782158
0.09352433264470464
0.16112379321707015
0.14724749638095194
0.21523550819761372
0.21147771981708427
0.2702093725170176
0.29325055236761194
0.34274803079193894
0.3675516380978128
0.3780375252891197
0.4712624974843868
0.4581584146911839
0.5229197540864483
0.4979074592228528
0.6001096034170378
0.5815409210759729
0.6656158125120187
0.6027141877538352
0.7319489506356672
0.6731106981648021
0.7633102521022498
0.6837908842685759
0.7802213710394178
0.7370512859008064
0.7644514010142093
0.732849801097875
0.7495376799692727
0.7518330543240493
0.6739518847530457
0.6958956535802558
0.6095279642381124
