19.398123000536383
17.923683404444095
10.450045961720388
7.808940761343154
6.8547667396607395
6.817363053741675
4.4722731399142015
3.4728470086147794
3.5104099675045037
3.3224320905745643
2.2575150898458
2.2131852936440413
2.551802867340828
1.8715232986798918
2.0070681411028795
2.3097658182697027
2.036870352438532
1.7323134328378917
1.8100883836866937
1.8412529292187672
0.878464670682177
1.3536984770203646
1.0624315623237024
2.23558039272864
1.0207361862672641
1.3942878544639723
1.2450163738166575
2.668561877154056
1.058006946920608
1.2030355904152676
0.7982050238615762
1.718369644263127
1.4159548497545609
1.9197475109491098
1.2346047216761395
1.7383383016940206
1.2968657413633649
0.987752644831773
1.1648804527283896
2.2030699343852094
0.817230595692407
1.1540305255583028
0.8510600733858157
2.1251688238599047
0.7767765772322501
1.3017438704029454
0.7065686111037356
1.657008556613386
0.7194061638487729
1.347103257045679
0.7877662988299362
1.3122493384741971
0.6246101361871967
1.5070105282160722
0.6377566413911933
1.796185606561858
0.6623197154906127
0.8339239609445424
0.659982180321393
1.647433716266105
0.5616729752462498
0.9265690742775298
0.7751646827755132
2.0450717461050427
0.8360295981895963
1.1483301975796034
1.094022674239168
2.0549218215681657
0.8064678576690167
0.7834608684679286
0.7773108546377622
1.2203393661435824
0.591952034570993
1.0910101878821727
0.9561033111792394
1.3914846771500635
0.6947445772970124
1.1098421080176317
0.7296788644152198
1.4720226454760128
0.6703557488152618
1.6248097292209458
0.9263233530961142
1.5362234044182772
0.7853356108123074
0.9542004873364429
0.7573569042952685
1.5475092053413098
0.5599092464196317
0.8324400938592144
1.1514431053323964
1.1118759248399261
0.8755900190898688
0.5854697631057493
0.9457656360146228
1.317118716835945
1.021823104316185
0.616693843867084
0.7807675649592929
1.4672293730420174
1.0241387936706163
1.0955704797410255
0.6201322694977914
1.5712493735913393
0.6951128683708753
0.9703905024711119
0.8270825951977477
1.6867801635998143
0.7255336135892373
1.1428168973043973
0.7023389098127881
1.4689851652859045
0.9292629457893928
0.9599655224254305
0.8767788915674616
1.1095342429362507
0.7854460463233569
0.813485861820896
0.9646348418965067
1.1178275799468316
0.7093229466252152
0.8802997053379944
0.9144227848348128
1.1654424877034455
0.8330801629525652
1.1453969995887094
0.9206948417307463
1.0419985783270844
0.6351904486069094
1.200012141893326
0.7525883234289724
1.225154298497427
0.8335488807068752
1.1155232550333707
0.6261123443485447
0.8338712630642412
0.9343349986421331
0.8995206477015917
0.97587293697097
1.049340589087011
0.6595581723994258
1.119822088798201
0.7054823080822359
1.383765560860169
0.894534306679731
0.8445269487869824
1.0199664384598992
1.4365398342713116
0.9254565534003018
1.037850653798364
1.015566247968376
1.2336416096388592
0.8240297602591612
1.0167896248992614
1.0418612505420362
1.0891604632218403
0.725374226447367
0.9766959355559742
0.9951064601535534
1.0918101619167502
0.8967957242469352
1.07065836671948
0.8368874074690442
0.9017195013439407
0.7718923871450607
1.0929087296986986
0.6444460150150724
0.7769189532924671
0.6409030126925269
1.0850454879524971
1.3286840529838984
1.1869842617405082
1.0630215102827223
0.8299303429013208
1.0062579549704735
1.2768413993467367
0.8780309445135898
0.9693142486058494
0.9709152226404686
1.0150100708388012
0.8428324758326406
1.2393488655266989
0.8713624832317066
1.3827986600138154
0.7236848042802659
0.8986906080591841
0.7834106640968453
1.9410926290609594
0.665571111048132
0.9581004924527112
0.9413669482118764
1.3491931201936769
0.9198298231759029
0.9748617076983247
0.6180256055021915
1.5625625380151853
0.9426345246563997
0.9569712714397446
0.7608590304565456
1.4481645264298029
0.6512657460877742
0.6479947623002595
0.8188473366103121
1.5438064664591329
0.6711508783915713
0.9211263093942959
0.8291561776938134
1.5534246836533492
0.6224248548885128
0.8931988873378964
0.5877838679596414
1.3994705226744042
0.8446284123550428
1.1546239989416787
1.0600728161378252
1.3214691670470053
1.1916119140529844
0.9992329154080676
0.7569982423956592
1.3468037849528727
0.6286562759576014
1.2293066658633964
0.6675903137735612
1.5403202681211932
0.826131403920486
0.8029761109394781
0.7248482531938149
1.178541040655936
0.7926187507805442
1.022123711690181
0.7293096457386571
1.034812353816943
0.7383914986700191
1.4714108206140437
0.8781754035708941
1.3514416681531636
0.9242107987865763
1.2337835257872614
1.0506285414407257
0.9054188971537135
0.9418263695420459
0.8077859997535956
0.7479299761171408
1.0753088434915017
0.8384890587042777
0.8731860276366181
0.7218547314278084
1.3694704811332739
0.6939480816757632
0.7113250172496448
1.0227635830466502
1.2935006132503466
0.906350499774453
1.1955348956633038
0.867825758815148
1.1293675306836226
0.9523678425149507
1.0961772559930179
0.8934325104855322
1.424604568440188
0.8682321212445782
1.1444085765016567
0.7155873702084691
1.1263870847397932
0.6923830653433393
0.9912290653502202
0.6930909879257984
1.4321718196100546
0.880065279942194
0.9673945884853109
0.6711937311892935
0.9657377756455469
0.6419035205721644
1.4191757699048175
0.6514723884766848
1.2883504191174844
0.8714364799668957
0.9321337992331827
0.7379499619961813
1.6996699682693117
0.6381031160682883
0.8071169858356986
0.8696851003514624
1.3432544215733988
0.9480585635825372
1.3713725153663918
0.8123757942240951
1.5003243655326999
0.8556715016654476
1.3391484677996024
0.7158086859111997
1.5428596467275075
0.6245690099973485
0.9379543270480464
1.0432613707410887
1.772357238133725
0.687407485807833
1.4623172688252557
0.678185806213597
1.4658221715713011
0.6769682106007415
1.1534167366942658
0.7448833012191493
1.4083741276937196
0.862800897823131
1.28872447212137
0.6907362713621916
1.521015349472075
0.6662866820021623
1.1582525398199626
0.7487291489083893
1.7074826864423165
0.7045632034908909
1.2723106394237313
0.8772762587192161
1.1111310991720422
0.7823063080892501
1.4582848410024662
0.42594096245691376
1.7761534036886022
0.7417384246159392
1.2402322025130976
0.596091718008826
2.186206380083228
0.6957419815227803
1.161322346238563
0.802374034755278
1.755020199832629
0.7107115990465362
1.3262793862074544
0.7191740665474067
1.0353991282111317
0.7835002246982481
1.2447356017207678
0.7244672568128616
1.4547316235488779
1.0396094952784989
1.2013754208253749
0.896985120042706
1.062640977632587
0.873962732626604
0.9304282149162776
0.7353589461900575
1.7926387564857498
0.694322141732316
0.8030893366243105
0.6654821403668586
1.351303344255987
0.8111874716053961
1.0335568644859403
0.7151612640775962
1.4960534374062269
0.7557937728039453
1.1005310115016835
0.8201969769355397
1.3127008311148485
0.44441172270965584
1.1516630641773635
0.7814238575840013
1.2784142912729684
0.9813250219420762
1.1373204116369504
0.9369152787527733
1.1735718516441251
0.6348160906906216
1.2550150886753368
0.9710253568790028
1.742119464172124
0.7290283005209905
1.3821652284696502
0.7677688086809198
1.9319151087842321
0.8705709210562855
1.172863140945708
0.7681842826667951
1.5125702492757545
0.6062544653647691
1.7710160777490065
0.8466070794587298
1.7454562283505541
0.8885626927653607
1.10330089548794
0.9549129972727681
1.6193791468601442
1.0396602806457724
1.1086856338790259
1.0103170495813971
1.490005356912651
0.9073648091701609
1.2336824912725253
0.9553361274526944
1.4730067697710123
0.9711856052700848
1.0650155656308784
0.8207258615346694
1.6826870881510219
0.9168247494172104
1.1424599767702348
0.6953574969597107
1.4638399874395012
0.6907913347131776
1.3270848455798039
1.0327307492746984
1.5520786380014444
0.8539941223932505
1.1335698151794376
0.9712698062731109
1.1229487270447664
0.6691929078620475
1.18842507208289
0.7562866279008079
1.1842498516202096
0.7965748973824158
1.1958285246459281
0.9923418439558731
1.9318966843828773
0.8721887370301072
1.4951421067215156
0.7087519306144523
2.274069707047735
0.6699568749761713
0.8465728011805038
0.9042329941188485
1.7048978154108394
1.0059460760673815
1.215554837070725
0.5929525238521949
1.1687167024463847
1.141338712527902
1.0412756107348884
1.0986661583270663
1.8591595269735155
0.8261161793282286
1.124760496572238
0.9936088526994776
1.8746632010230766
0.8893840706536117
1.3324097978865725
0.7265460892565606
1.580639500667271
0.9195081743932413
1.2081733750735366
0.883915847422467
1.5967684937064455
0.9098962830741143
1.2328291173559522
0.9848701466611147
1.7375234968234687
0.8205881291776679
1.3098409896363075
1.1411598313979132
1.3977463184946344
0.9752704593033732
1.1628214135457282
0.902098327605166
1.297392529903
0.9580149842604775
1.311062910184916
0.6449617336550071
1.8332501903727327
0.7234603463738951
1.3492326566812483
0.808496464984581
1.3495535578927196
1.0120544910551663
1.1865645765471262
0.8464648590174861
1.5804467733008685
0.7830352262664649
1.2084046871749945
1.296738583016748
1.1569619757615506
1.1573954570090916
1.2575439752368827
0.902973687317939
1.0266325512038041
1.0272188170399816
1.4606329704084917
0.939340664021799
1.791847851576894
1.1434793938487713
0.9062604341939935
1.1764330879171951
1.492908583992701
0.8683004355518281
1.457659952243421
0.829831837073637
1.4720721188411985
1.1196817042663163
1.0223204962813146
0.7946718581484317
1.3910934668361128
0.8941996540545043
1.5080143145951388
0.9692552627714648
1.2900619072217463
1.0593883515685036
1.1042850052281947
1.049017992965126
1.3236197993118133
