16.89388961397683
10.127938454082392
4.418113048852744
4.520581145050559
2.126744174309664
1.727409055007612
1.3116337174054864
1.2410458894886756
0.6045052859393227
0.5759055155216256
0.5310764635185717
0.3537062455193454
0.40298195777303786
0.28224323536904966
0.4768692971285558
0.3000335347512593
0.44092015967761533
0.4128416025541849
0.29649465481085263
0.34183753484858154
0.2805297460521818
0.3996238848778801
0.3880481869152079
0.4279949681287996
0.42721435946063296
0.25979634092185594
0.4216401604713823
0.5113788312939749
0.5127989049257994
0.3293323785366825
0.48905851697955244
0.5076337988506379
0.5206307412238613
0.5926854899764052
0.535078993301007
0.5644847512164709
0.5257793615858408
0.4789941319421048
0.5183698405251977
0.5978716307248787
0.5484216041635223
0.7673221029930124
0.7541597420003833
0.9757521755469608
0.6930194637531741
0.9480741666204153
0.8249774280272854
0.9776607909302348
0.7190344645822747
0.9643873612916958
0.8172676485366608
1.0870886330178438
0.7841289231290681
1.126944641869309
0.7828199762221154
1.0673052156272487
0.743647221916542
1.0267486164465767
0.8344155439771485
1.0806076027611498
0.8357360104534098
1.183105322497829
0.8986295201905034
1.1814059300196895
0.9239619278364923
1.2093397727614958
0.9630379272929585
1.1571632361777229
0.9090886665983461
1.267580029574508
0.9736076370139899
1.1466680782832703
1.0024176377985665
1.2834797292354385
1.0198606422438088
1.3716045304068782
1.1099658162616626
1.415719066118547
1.137743468973845
1.3566703749053781
1.1507023278277497
1.3889507398282992
1.1097498256314886
1.370110809073753
1.127358111567621
1.3360438004621178
1.1509981731127172
1.4150278418836268
1.2404188991051865
1.4642435453693725
1.235703572430043
1.4213987850299181
1.1670089662100336
1.3931133778803204
1.1286355961780812
1.403900149900731
1.1059077031408422
1.4034325705407285
1.1231123888074257
1.4043644630687881
1.1522341062004213
1.4461304207529906
1.2115432540398365
1.480579822065039
1.172749386140333
1.4807346782195574
1.1923004977724592
1.4833441313916789
1.230292989317595
1.4896968580596317
1.2449766823420234
1.479101875956316
1.2160261225966205
1.4121859576524514
1.1938060609484913
1.453508711096672
1.27147013653442
1.5254254747077256
1.3064589225037817
1.5215614481168132
1.2755009775189572
1.516627470043695
1.3169010523390088
1.4947328192277016
1.2375813660956276
1.460357941584871
1.2260163905656134
1.4604554049955596
1.2081706341831318
1.416554074684142
1.199720653844261
1.4384113718248002
1.243255323839752
1.4509527565670162
1.251971720678103
1.4930468094005795
1.2632511106555686
1.4278382461905343
1.1956194526031618
1.407107022912717
1.2580727053853598
1.4520567976101468
1.2750692979575837
1.4940737012702472
1.3029894383300178
1.4380820105489427
1.222826909483361
1.473274641576986
1.2685167957607577
1.488945795584258
1.2656827116959806
1.482784451163124
1.2712461516874303
1.5187494167414257
1.2592624880967325
1.5243131028830723
1.2660873999676063
1.5156665713028505
1.207848198674916
1.4766492715817459
1.153324838436828
1.473634602523217
1.2174556652589774
1.4771057945133317
1.1993923813455472
1.4743723590320394
1.26494875211831
1.536329787555656
1.2359703064403385
1.5054544206060143
1.2338290089829034
1.461606494502036
1.1903550251131425
1.4336936773109823
1.20959609087414
1.440082441463618
1.2007708604659306
1.492882395007573
1.2955099691238896
1.5128923593365844
1.2773640549688148
1.520211788754114
1.269731712855658
1.4552512287455726
1.2507296877604825
1.445452329476499
1.2358824845910263
1.4442834939575564
1.2248324362576992
1.4737738629411508
1.1913335384394657
1.433677345794258
1.1869650513182421
1.4640210126301656
1.2495466179833188
1.4809983542962304
1.2192593036883677
1.478764304564782
1.1973217178539233
1.4812439581303776
1.2343700859238695
1.4875590255715232
1.1920700571434115
1.5083620518350234
1.2151429828600548
1.4842593871390763
1.2150681023082166
1.5265180150224833
1.3068860306806136
1.5361893276747998
1.226525357194548
1.4482414086776967
1.2030264016670948
1.4723039792638455
1.2550071531769906
1.505318192438248
1.2440594893195396
1.4976024433472301
1.2314514915342656
1.476556342128626
1.2132180237580688
1.4824446894171723
1.2384556345165028
1.4761251964911486
1.2166075560693108
1.4838735034540513
1.2381933221191912
1.542522386728314
1.2824538158780405
1.5421496633078118
1.2435703333317756
1.4894133952601025
1.2422240601438483
1.5237421453833742
1.2377661248787073
1.4933402390499606
1.2164350019191104
1.478801160414731
1.1988272151049855
1.4928004383715712
1.2301778519575528
1.5055681749321912
1.202343197099501
1.471766247299833
1.2490499525857965
1.4889532404158525
1.2682146181408496
1.5288425065459674
1.3019444100846538
1.5361289532730196
1.263190292287682
1.498111520580214
1.2598463483332318
1.5287826272182394
1.3069553958846192
1.592747601229507
1.322615987669577
1.5386321934356113
1.2808626909073166
1.5373062480969841
1.3093729952947617
1.5701978261479934
1.3213720789699182
1.5180614507284174
1.254804953350605
1.5019326167032154
1.2422290704553516
1.54158846212779
1.2806838869406634
1.5620304563889085
1.2752846889825877
1.5073156670627694
1.2717824458875648
1.5540546334199858
1.3176611500086939
1.5780085391283056
1.3981857469448646
1.5602458490177158
1.3220199848150422
1.5060063722844772
1.2570598666687696
1.4671033814042511
1.2544636381215037
1.4974462033359937
1.2461255611373263
1.458939057995862
1.2030328937382764
1.4862285414160739
1.2262269755033057
1.4985794115813817
1.3008326929250595
1.5427393121312527
1.2741265288283345
1.5363121524359635
1.2344394763126356
1.5248738276009794
1.2590754281979095
1.530288647567065
1.2311682623021583
1.4746561701396321
1.1897015595543567
1.4756800354187982
1.1880632350568514
1.5050235419256934
1.2174385190451513
1.480531408383095
1.225643879643573
1.5453611320905678
1.2567649162600238
1.5782144648322072
1.3314079942772064
1.5656299498152244
1.315144296577087
1.5657206531204035
1.2903372713179342
1.5246339261088635
1.2885271645675243
1.5074364821177362
1.2888047706799133
1.480985704371187
1.2730415418727146
1.517377217021478
1.2843977160219515
1.5230605081369801
1.3003732372492585
1.5156473090556168
1.3060777399917332
1.5247593434311109
1.2155002268512944
1.4557146415476838
1.1993858260886174
1.4215788051685816
1.2152199361930436
1.4453407332886599
1.1844580256931228
1.4655852834470466
1.2252424672000353
1.490556056424974
1.2283046171637533
1.5503580629515152
1.2659481001186237
1.4661367695499734
1.2236895050799028
1.430094724140153
1.162109991163009
1.3848401276717517
1.1242396313558216
1.3828491662426083
1.1594430746756206
1.4512342154744617
1.1908615599237775
1.4708328600089589
1.270227561001079
1.4704714559150456
1.24000622552546
1.4476856399460742
1.2298863744528958
1.4451911341134556
1.2435808075988788
1.4516853772204215
1.2699584538501487
1.4777553215323287
1.2602382630452582
1.4967348524968673
1.2720859960095297
1.4930578195994841
1.301482695202032
1.51617548688782
1.2504514365675756
1.4594196519484517
1.2451552928839353
1.5410294703646488
1.2299310274364303
1.4636422769933632
1.2158529862535254
1.4355099838027348
1.1908889580323962
1.4531583564258166
1.223032913942754
1.5367345357587727
1.2325346835742395
1.4938892691405745
1.2094905132787759
1.445746986125981
1.1394168829661169
1.4347910180325114
1.1781375977716746
1.4926806197785853
1.2202057513562858
1.5458799797144305
1.2515430176386537
1.540866420852973
1.2415588731905207
1.5362930253700562
1.2228199855627848
1.5188262101846315
1.2651762640448554
1.5599757868834458
1.2646272435018504
1.5636076246132893
1.2245399245031579
1.5333555670956918
1.21364963879156
1.5200291779448745
1.2271215844113605
1.5232721512797727
1.198326930591844
1.5266304855316024
1.2233467620823941
1.512799261904538
1.2499013518994202
1.4741657808089872
1.2278241401218053
1.4915633638597217
1.2489818762596816
1.5060291531688446
1.2474450816167055
1.493067894421623
1.2592912905931262
1.5104110753493485
1.2405019480301729
1.4655522552153504
1.1792238247876092
1.411489928088572
1.1456811227062695
1.3699368309846418
1.1438028948860064
1.3983300160137844
1.1729914690570746
1.4410566022097586
1.1873205299255096
1.4266617246753879
1.165920684821973
1.4296813274448799
1.146424344313831
1.4139734646179196
1.1829750211241397
1.4646447943398373
1.2308156601233256
1.5161974980748674
1.257679162157295
1.5332208143248225
1.239488842573557
1.5338392113905985
1.2619086696529445
1.5346148105230961
1.2751033540409666
1.511168324604665
1.254116957489693
1.4841858976947102
1.2449399319197725
1.4864413652480575
1.2143619187092642
1.4487957663411097
1.2067838603941945
1.4437320639377524
1.1457444532949093
1.4096966410542286
1.16049738275203
1.481246272655878
1.2070840561019853
1.5281259695766336
1.2535933553427734
1.520710059660509
1.2053091278111592
1.4766131290945088
1.184749036192554
1.4579209228677985
1.1777203977119362
1.4649928317703105
1.1969806505668756
1.4421088199726737
1.1842956343557778
1.4408576042073853
1.2163229709553005
1.4613326577622499
1.209121997740398
1.420495749197905
1.139948317167937
1.4296067152688425
1.2175143613334296
1.4594397177633764
1.2236621000729166
1.4622637347619003
1.2128648929660348
1.4535272556478485
1.1589840848499398
1.4207005020087529
1.1697736761772033
1.4096595278313568
1.158039099981156
1.4360551437855138
1.1537384068102585
1.4544162048496976
1.179010500901868
1.4530218017972203
1.1856829621122982
1.4681195511634269
1.1917552163940395
1.5041748622149573
