1131.6188245625601
969.9998330391439
779.8777610738061
613.5750920596512
471.0366255280665
358.25887701894857
263.43935831887296
193.3426540165702
141.56594689134465
115.82442118383105
106.56062046876178
106.81205122543012
104.15787711179566
100.92864576326444
99.16245830396136
98.47230065967017
95.40448994442173
95.52993345195432
94.07353167664292
93.18583018230144
91.72521793764199
90.50246789301539
89.57182689234016
88.91217419721272
87.35755921270002
86.37594311329374
85.08672146398771
85.05819049058714
84.95183054135325
83.72755132657166
81.81605941190612
81.19305761228512
79.67729436898287
79.63304840188346
78.5411585904721
77.11500170430593
75.96212779326272
74.5971830400545
74.24299015506593
73.95999457133503
72.89398154853897
72.51663340535134
71.95831622385718
70.98505144165698
69.60377440252769
69.67351702129906
69.64721551669973
68.7361851425833
67.59908803046069
67.00486165841576
66.82823886813125
65.63367143436915
65.04660985104861
63.90403918555455
64.01207768729235
62.50130537700772
63.36765539711212
63.26568432109011
62.56171363657834
61.77600660199167
61.60110632183026
61.658772363954135
61.13788558364089
60.49362690380546
60.23813108564868
59.29009573271637
59.15016055303477
59.47588623101073
59.12857853062076
58.831088305750924
57.53512760858728
57.200826008373255
56.37378364238233
55.735668353880584
55.47299281176543
54.724330267734146
54.51136473160057
54.08605872466585
53.7591812666346
53.2454927995022
53.77681859836245
52.78690848149629
53.33492466867903
52.852021950715496
52.72788656449529
52.48920728765611
51.94757468529831
51.57302438056485
51.296159590965175
50.471039158532186
51.25470079455807
50.43854169990771
49.69459176580153
49.06153340966988
49.39052419772219
48.21609668405152
48.212871706231596
47.712244424378646
47.3628278331831
47.66091949905704
47.10739503793813
46.38169649917311
46.86207953996886
46.68363743080516
46.655223180926654
45.82148959485345
46.20753081318641
46.21501405053363
45.492050902600006
44.81662868631759
44.61588073305674
44.23659578221156
43.70569392092889
43.6145364717777
43.133987148581596
43.103913365893995
43.39893760230055
43.75577917881287
42.598163363504035
42.524079986746926
42.67641653888641
42.517027904532576
42.52885683244501
42.18390605241732
41.55071096306676
42.093164816897016
42.30822821552621
41.452246084640485
41.72713000907821
41.079862661541576
41.46499556614353
40.86111769034977
41.296206936104916
40.58348634155783
40.31664513285284
40.23156317224802
40.458276027396145
40.337803115131244
40.37930921150615
40.28936950614709
40.12326992957
39.80952911841126
40.0131752494683
39.813680248738805
39.35748229689336
38.76652862027894
38.45806811190198
38.96921247748073
39.4705863366724
39.02576078294277
38.765264525178914
38.945968369305064
38.65238820929343
38.83358383730102
37.87499822582518
37.98166596933504
38.1407610095404
38.21585627877708
38.21657848224417
38.22788158672276
37.64980980286376
37.41597660584311
37.92675676794056
36.96056576980649
37.01564118452794
37.48328845298666
36.58942764420477
37.74675895645405
37.39801551654356
36.95424938664798
36.6873539008059
37.036985565775815
36.3453376806804
35.72791786196041
36.23492045558866
36.346664543057805
35.714368545068666
36.897493015278314
36.3506209760816
36.0666102355082
35.775688894352534
35.698137356588774
36.265050349717306
35.48363726398621
35.32063821422242
36.27895875628752
35.46148801614232
35.542069198270504
35.14370572767017
35.446867044738674
35.684195871391616
35.024957716377614
34.83927084937258
34.95532521417467
35.11842522001232
34.7484578490235
35.01564541516484
34.34485938062087
35.20913385907056
34.45513484966691
34.716559870624444
34.93364135251281
34.220518685882936
34.05999631687452
34.21150863093627
34.53074210933654
34.52037660290369
33.97023874440934
34.155358589073046
34.277054454954964
34.25214914637522
33.680679417009394
34.186727330695376
33.62548491145311
33.93549855083462
33.99924776311606
34.05948932190978
33.963188291840176
34.336620374856665
34.25017788773012
33.846740628736235
33.77252576562229
33.53697146287512
34.08210212671425
33.9562457725637
34.070990322881954
33.64501775566669
34.30616019023905
34.5298347231974
34.03079344465621
33.668941047743594
33.76172305719873
33.599420063754856
33.20091846742475
33.831484538948324
33.270756143450086
33.81485150476859
34.24980730339463
33.43412096594795
33.415676717283965
33.03725392689739
33.17696020231437
33.58827639781493
33.59001432407035
33.61718296926618
32.73741654572363
33.05394205474145
33.4527976225794
33.42710744545483
33.04381851792413
33.43471994889615
33.31937666478055
33.75299279485575
33.77516911195079
33.4484741657541
33.15940649243815
33.37824776212823
33.36056052972108
33.458657646742125
33.062819792917814
32.97814804894611
32.96311440872676
32.431528265604946
33.370311942105566
32.98578444595062
32.76760295884152
33.09763768224439
33.454930766292186
33.13241242166027
32.398708780528494
32.70272227490336
32.37124681179354
32.95703936790193
32.02451542274832
32.439202059067874
32.62741687765113
32.83211919328452
32.047089957736766
32.27258310896392
32.16499315399006
32.29404317632584
32.31265171586442
32.23147874161023
32.29773730946041
31.775655229245327
32.32851644264959
32.12819600924092
32.36094303221061
32.18670177517083
32.17541469844806
32.077679365710885
32.24801233031341
31.781752127947723
32.09055047834877
31.52411107479863
32.07322983161269
31.686168826175575
31.57670781004385
31.769047149698523
32.11644927729274
31.99098039954663
31.000348519884188
31.75601994685716
31.566198928410564
31.665671275735992
31.46793132233675
30.423166977058255
31.022343170028464
31.62237524515323
31.131306893877685
30.8956630945287
31.37404507781171
31.736541742963105
31.721808333861887
31.44655026174239
31.413213351485556
31.183950446703875
31.1839352217653
30.40357199959767
30.478655236598883
30.777086839875718
30.327346471329452
31.05256710675243
30.851569184460207
30.814945934465392
30.75579399239281
31.051576906165085
30.787178839788258
30.843631089547923
30.492265852557647
30.607036912151916
30.3828920597176
30.594165105944292
30.60892847443087
30.80795459006201
30.333957187512862
30.888775094043467
30.963112996341014
30.801378473632024
30.194810990624333
30.42865405397782
30.435408426276112
31.077594884015085
30.277500039149647
30.261966565787944
30.603918886011144
30.708669918739282
30.8006310398881
30.47539120731199
30.361129789071146
30.170171558581437
30.17955571322184
30.68732607778789
29.676130545336502
30.5480176623407
30.07332620264342
30.248235436236467
30.509119463318118
30.279458003570543
30.53816635226403
30.817182952349533
30.515232471118956
30.29309818662426
30.406127185275512
30.85218329412944
30.533444587056174
30.7611800183446
30.623819119046168
30.486678962526078
30.186468989962673
29.998369879370596
30.59242783615962
30.06415556411151
30.12418526530784
30.149911772580797
30.39326061066901
29.83858277454609
30.162231836383853
30.000263821812098
30.05455048264324
30.506130182872614
30.320831460755695
29.545368300034983
29.679918798725595
29.821461543957373
29.79435025709346
30.090602975839566
29.767695922387222
29.70576174433536
30.1255432337113
30.440897154867052
29.869270847673505
29.9842436437206
29.72225745280564
30.1581358660218
29.3777612754669
29.732921524211076
30.2643429475418
30.585076947756978
29.716330433797758
30.201988920417662
30.5457968327975
29.789058955368475
29.836018716121885
30.014360421519406
30.241400649649854
29.881270314026295
29.98409299208864
29.71733640979303
30.101189140691822
29.858866306574395
29.973491614379384
30.181334971452667
29.681382870624354
30.23464278023048
29.774775359030535
29.804795747248427
29.468490103792167
29.689743804809872
30.093080493676858
29.165291438577828
29.921830385518096
29.417381931915912
29.355302422385275
29.081494303347096
30.02065885654546
29.000564130294848
29.155936499273146
29.216523435030055
29.4914026803942
29.188018331156655
29.51543080872575
29.8525890850476
29.15823867965528
29.11018412492418
29.62390651413401
29.34525962176611
29.441526557496662
29.09338189276593
28.992571772913113
28.768986780834755
29.063468401884432
28.914306094623193
28.869949724906657
29.073630971581583
28.64406054830306
29.567665010974054
29.310343362738312
29.047884760323683
29.161048380185274
29.674751884716635
29.048071242181226
29.351891405771006
29.18325374182988
29.504237861460116
29.153510901256855
28.422434776129354
29.088148981921766
29.229198010326233
28.949029129233036
29.11242705041794
28.774491929737156
28.9494139847103
28.911338422243002
28.437536959577947
29.194275414157776
28.33544054193768
28.69243236017972
29.09015688259141
29.253657405850504
28.739990541973906
28.676920153356065
29.034402365381286
28.974129261595785
28.530715537388367
28.949394941071706
28.986301236275153
28.931442240669934
28.958504714812847
28.92783616115093
28.124792219448132
28.693480625966625
28.98784456696861
28.503882974250196
28.986058550231
28.719791891574133
28.39899120314294
28.778348888061178
28.7658287568332
28.531947646428076
28.71082323326562
28.214553262986684
28.47658430705556
28.62083296449941
28.58531139700524
28.766527028155195
28.589892544338856
28.551609990341188
28.95757757675405
28.580557435517186
