1127.9763705771227
969.7375665024249
788.4651469073559
627.407660767588
492.5853129996486
378.2432900214071
292.746994860909
229.47779996696124
185.25059849846767
164.2668608496711
158.10202599840537
156.0225258791901
149.8205878688289
147.86226474994817
145.24069846536742
143.99567960135687
142.25731097898063
140.19538154555394
137.88079324327464
137.1845522041558
133.96225173476174
134.33571125807134
133.03142869454646
131.1016678273811
130.28191905838023
129.10939041897217
127.18522645237971
126.21037053160482
125.12177658821588
123.33928831024348
123.23794747391153
122.95555220933967
121.06996156217066
119.97313021750682
119.69699432782679
117.84482355429661
117.57927719263883
114.54005815874767
114.94328218594728
114.14548984525307
113.41427152715268
112.14422182169908
111.51467500406915
111.23581798388449
110.25783115146953
109.2477226566619
108.19272274352461
107.25323004580083
106.16203398973553
105.57588033000782
104.4330662243993
104.41361966121428
102.0322277032105
102.02964613826425
101.19622912331728
100.26127671453573
99.46267030511505
100.2769461780231
98.4278096622068
98.2448518483332
96.67507866468704
96.13015910323884
96.03437455958867
94.98635988845214
94.64109952964318
92.87228564052597
92.65058636659268
91.1876006440037
91.8976766951846
89.9648739454508
91.02218295758306
89.39840086506109
89.12134449203135
88.66794240208004
87.26198481906893
87.15788752054662
86.59816760680799
86.02006452020859
86.0546288083323
85.26531564105964
84.19272601328926
83.95059233979042
83.17188095560054
84.15697167876111
82.46182682753184
82.46605659995231
83.18332238525107
82.33057596787336
81.68907714550032
80.88401055167333
81.13638445062061
80.29784985790377
81.7570243566517
80.4036015517568
80.11756712308245
79.14966444434697
79.7185302495935
78.36205290413525
76.87799619765507
76.55345556072292
75.62480060278888
76.223287908624
76.55253529574686
74.99348840992762
75.52980259282276
74.72548769958651
74.44088299137424
73.67781341259584
73.81348656460214
73.24663254717925
72.26564328080757
72.34015439835154
71.7486013946954
71.10528695211958
71.22714522425728
71.92102809757628
71.07567028502721
71.46480733846964
70.47782215990694
70.30047443349804
69.74906320415069
69.1872952159614
69.51760609081336
68.80687494035685
69.5662521804042
68.50950289959188
67.90853433801446
68.44381285875558
68.16433158362754
67.75802553735308
67.0312129541907
66.73392065969261
66.52458678328031
66.38317961662759
67.11909443234038
66.63871772653789
67.19770375381268
66.06086257252873
66.94277842343224
66.5151264644399
66.23567324963966
65.42353304023686
65.59511032369056
65.72280676805264
65.8267272109777
66.27202955703274
64.89604727414431
64.88783283784291
65.291721682433
63.76523153673893
64.62822443492173
64.54034457081883
64.28129686555552
63.267048102876466
63.390132914739496
62.75478511753666
63.61777517985994
63.840618217451066
61.83251667278796
61.94127079681825
61.48862810725479
61.755365605054436
62.83829638569996
62.12697569239318
62.85360150085257
61.42946848155762
61.43730530030043
60.99347080865142
61.32567771170192
60.651628695862556
60.58850068296826
60.22374147058441
60.696336762246894
60.61871971400385
60.08972609952979
59.79558528404284
59.500781064344096
59.665128708180475
58.92740846795012
59.44946560115943
57.82026120071343
58.393253820847825
59.03029864773587
58.01914437124395
59.03074359965742
57.982702495101755
58.07842218682003
58.25418340051043
58.27593517238304
58.33656951546662
56.42472284926702
57.115894057091694
57.32125600453506
57.37359065207373
56.12171932637413
57.35512096023563
57.171442601983685
56.577135885727905
55.53487851171601
56.23507180304289
56.39951450281212
55.660576627944415
56.54868818395775
55.34976450871909
55.696294371131714
55.79888445082987
54.324761249725064
55.43550817250118
55.05013144294131
55.210134383048306
53.507567408060886
54.0449738880593
55.1415852359729
55.26219719654559
54.4522661220286
54.08016818052164
53.57386607359915
54.589173059722995
54.13399730828244
53.15155642165599
53.80092805277965
54.02158667247562
53.357833324352754
52.58458470077436
53.37782067253701
53.03097406203583
52.95654028669672
52.59372052729971
52.8164244565533
53.152543290110195
52.64066999229728
52.011863829935464
52.30754129773458
52.23580517222428
51.81359042404847
51.32855460541218
51.663330083168724
50.92525673564089
51.75752744614196
51.715539676964845
51.6783275947779
51.8685684710613
51.45737834589072
51.714724634170246
51.86038500806742
51.39766027815471
51.88549988784023
51.55589882754928
52.01050607600045
50.91217710774545
51.43725239622855
50.97725682745649
50.91116926463007
50.86840069842144
51.028167581739325
51.20040712993617
50.355944628793324
51.04868233825998
50.85010545922768
50.31740121945299
50.56608914843267
50.613058511812056
51.00627763436909
50.1620049025606
51.01045766062526
49.729158461420916
49.78817081579304
49.947745113201634
49.3684798608665
50.061343952603046
49.70687491941875
49.21808211070142
49.281637388316256
49.56632022137866
49.80000227465838
49.65495195259893
49.15385023586983
49.595867148511964
49.531718443325374
49.52682936386582
49.45536512806765
49.11300147006634
48.77072338618307
48.25902738579249
48.48584029224185
48.09405057972473
47.98997173700866
48.329697245304246
49.08166237814806
48.62732270678988
48.66749442624353
47.91372719659305
47.349386807127566
47.86002848619147
48.117553969093784
48.2000780314573
47.24338898634665
48.12452510054003
48.51225887254945
47.48291808731211
47.32695902965011
47.04354607198974
47.71038458800727
47.3112171971275
48.08344520001255
48.638433581423236
47.77452104830742
47.87303322784047
47.47474923361537
47.43453407242442
46.432022012336965
47.1339377823532
47.62270933349525
48.03368844625907
47.64638047884134
47.148973422863406
46.64553142601548
47.122299976973395
46.96259347242224
47.23576797189255
46.53779504704912
46.17631226284257
46.75258798586542
47.18076525130894
45.83206565418184
47.06434715426619
46.72604353306037
46.656779230991255
47.108704253029096
46.31431684108022
46.62556904680065
47.193364030140955
46.20185595829248
46.997714108168
46.4623527987948
46.21405476780482
46.198191205901225
46.38356000356929
45.81854908161196
46.324454556604266
46.64586020231688
45.80729258989099
46.22182655393549
46.4813145671725
46.431488628164345
45.974046315390815
46.707783486923354
47.40598915547338
46.44355091641859
46.728973845096405
45.90409988871361
46.32931696055275
46.46720324860981
45.98055720826493
46.43329246808071
45.667946036455476
45.92448381200417
45.41671598347332
45.542633174372675
46.24337232765625
45.25637751061779
45.97510905217237
45.70747639822811
44.96773285764626
45.722029131145156
45.345658089472046
45.2279063099008
45.80151177366435
45.440524162027266
44.88492116354459
45.235254093816216
46.2537723514424
45.42779264000168
44.72812705669051
45.242082977472506
45.6867232604896
44.693012818234834
44.28058187640716
44.49427417475397
45.30695374562051
44.198066653320275
44.912436155987315
44.923625215784064
44.94900412198921
44.48685434399595
44.968609465985026
44.686994104988564
44.18606223105999
45.00549161714319
44.57059579420246
44.06702341435207
43.79702166657908
44.77087768624137
44.90727927285593
45.46639527198863
44.767819778380286
44.959824523119735
44.95125492487768
43.868416559136485
44.50952111853974
44.348637266460706
44.223274067814565
44.513323228053906
44.67563586297398
44.69281914408804
44.085823327418254
44.1528730830722
44.465591434778375
45.014563975779055
44.155201816747656
44.49331503786447
43.84770412809075
44.11477963540034
44.60444203239994
43.9387301242188
43.654972485225876
44.32597497403252
44.276449570414066
44.1327127620441
44.091886923093746
43.36521297561638
43.73738503309602
42.61157219945776
43.73818536443987
44.351519716264846
43.36398523224941
43.52749210700066
43.264133335768484
43.59323714400657
43.72161689567977
43.026099240159475
43.507766907266245
43.62109001558985
43.20236524040685
43.81869488467436
43.34890001414811
44.13679286521373
43.06590451659213
43.84800041226216
43.303211112127286
43.64110927305366
43.44683478774338
43.91771887801576
43.91265977859252
43.270030745969926
43.35564318607142
43.193816791918394
43.36432655860084
43.59381834430015
44.13634203073711
43.36371821963583
43.44880429954828
43.96698905540694
43.40345666783142
42.68279057963616
43.36886117210108
42.873625976039676
42.39642566182505
43.30941925455205
43.47514161776718
42.702022751756985
43.166977212653194
42.947854843299986
42.78288156170664
42.86067505360968
43.28372088094254
43.17417279877006
42.51756244285061
42.46736515641712
42.20507639932843
42.436693496261455
42.726345877434355
42.31790339209257
42.67780426879387
42.219833981741075
42.035900233213084
42.01243283327126
42.43220238169353
42.02435757683157
41.90531951907829
41.88695515252926
41.899394150532615
42.61688963667138
41.456408379934494
41.16070887502254
42.79680097379176
42.69166966393652
42.6404581367537
42.11755311010776
41.822985850225024
42.13105058519246
41.24907732120502
42.91834726863944
42.633768693261594
41.86002533127005
42.146498967560056
42.020995681017475
42.629802343987066
42.51380703544293
42.798690578479096
