1155.827986427953
967.8726596629133
785.5063304306972
619.8380216835592
474.7191183437921
352.603419396329
253.2416616355334
179.38937533820646
128.9625580600479
101.51000493938577
94.1719978945022
93.68175916486416
88.91927914174249
88.55303115672542
86.5229477081761
85.5357044933436
84.64005340037505
84.05342335009222
83.3297281535318
82.72343748665752
82.22239162933016
81.99093055303231
81.6422460584643
81.37754955865601
81.0990994322954
80.93396577911086
80.68227971394668
80.51001758303843
80.30398451536861
80.15913459702223
79.94771986421102
79.73646229735594
79.55118012463666
79.45166221786724
79.25079179344074
79.1264611101072
78.95056355077476
78.85779954097026
78.73387380719588
78.63450928864393
78.52506970240192
78.43470621411306
78.30487741098977
78.22984481143213
78.1285784598796
78.0497616026237
77.98495954359815
77.88753828519414
77.80007203627193
77.73138793220193
77.67561306642259
77.56083835706727
77.48395130824875
77.39365703319761
77.32030289060481
77.23358554635145
77.18131986950891
77.11753998408028
77.07533117361035
77.01698364172113
76.96320582982588
76.84562459025167
76.79607545423234
76.75119612552636
76.69442156229962
76.60303676634317
76.55168155009021
76.4801200217595
76.42382516208036
76.3717325561588
76.33174760733054
76.28891271036541
76.25560705132085
76.2124920068592
76.18020133069352
76.14257664491706
76.1042110766968
76.05354050794553
76.01159268565256
75.97391145767507
75.94769363370783
75.92915610445338
75.89185564485526
75.85747619230915
75.83642558910698
75.79508541253368
75.76787619898158
75.75113306040134
75.73363206057451
75.72159284876558
75.70466513873485
75.6879811033343
75.67443632885232
75.66026065097483
75.64591372131687
75.62525181431974
75.6078627232175
75.58805412529885
75.57664178195161
75.56438527126357
75.54731159909501
75.52465276666743
75.49881663828377
75.47481714756331
75.45775729941414
75.43376576769782
75.41659446683592
75.40175250069548
75.37714373430833
75.36218086469904
75.35107299627207
75.34200953335463
75.33540756137258
75.33109923145172
75.31580573669073
75.31195460944444
75.29740699401603
75.29866844243773
75.2836004141754
75.28129689809428
75.26046291093316
75.25366300007093
75.23673991523964
75.22621783861706
75.2152329600826
75.21268672063113
75.20129045919964
75.20033179426467
75.19382651562253
75.1926261762408
75.18217380293103
75.17932134831355
75.17438134196232
75.17466730597782
75.16870179612106
75.1685795575986
75.16148136180834
75.15841451053325
75.15248607045245
75.14984759331733
75.1416839088832
75.137816605914
75.13423796967125
75.13290067363359
75.12445943829741
75.11971781001625
75.11089207987798
75.10973694137914
75.10153882238873
75.09690450333154
75.09073717488222
75.09161028068007
75.0869124029531
75.08486063882889
75.08067814957542
75.0743176037891
75.06762852784946
75.06715675911279
75.06327873131359
75.06219742544921
75.05455192613704
75.05326270412054
75.04763557527615
75.04480893479881
75.04089320263273
75.03847811888647
75.0370422540002
75.0352383115069
75.03416019888894
75.03271848839556
75.03071948643449
75.02999167321373
75.02821979992999
75.02819862604895
75.02518818345484
75.02367615078165
75.02191834312202
75.0215381242359
75.01920982045894
75.01496204718174
75.01267626959938
75.01007808948927
75.00833051856718
75.00473847101462
75.0030042695914
75.00192365930745
74.9973393000315
74.99554711516522
74.99410540129338
74.99366106207569
74.9922966273878
74.98986891351828
74.99000372955734
74.98865879380504
74.98930996372822
74.98761068585583
74.98882139250718
74.98675972550392
74.98780896347998
74.98535235966315
74.98591230863192
74.98479242054461
74.98333616087783
74.98369609591867
74.98182554835925
74.97933859934663
74.9786444113567
74.97821275501794
74.9760990069008
74.97511151311382
74.97255172679671
74.97132557466838
74.96842296804557
74.96779253925405
74.96539314702953
74.96435756340298
74.96229028159026
74.96234658476818
74.95969974937508
74.95952329826838
74.95785292024277
74.95651102790985
74.95488008545257
74.95428578677112
74.95260680916772
74.95184271285228
74.95100375901379
74.95091742177097
74.9500113362395
74.94991718293143
74.94876499376223
74.94813849939761
74.94712313333203
74.9468074666904
74.94597689486616
74.94535582273635
74.9437899361091
74.94374188464799
74.94354417381236
74.94238255459551
74.9420321575995
74.9414523164833
74.94109807504425
74.94066862168691
74.9404346249653
74.94017463729823
74.93979208018987
74.93925931689694
74.93901633540136
74.93851342713499
74.9382076403158
74.93756729428615
74.9353692696794
74.93516458582087
74.93536237328044
74.93398662421043
74.93400727325952
74.93303305434536
74.93265422895246
74.93214887682079
74.93181226208753
74.93126237729669
74.9306186107151
74.92848002966238
74.92796618647823
74.92637410013613
74.92546258600439
74.92436244137434
74.9231453903771
74.92266992699169
74.92202618668094
74.92120719932923
74.92048264375056
74.91984086961641
74.91948624318552
74.9191937473256
74.91868754343005
74.91948126353658
74.91813134730832
74.91824908675625
74.9167545747911
74.91772366591584
74.91607127283056
74.9172682936192
74.91586139608887
74.9161495626729
74.91287187652182
74.9141110592356
74.91107976963032
74.91050492144349
74.90908715541843
74.90721703288972
74.90582308373457
74.90407502296638
74.90131100431812
74.90079365351824
74.89567197579181
74.89513445989193
74.89097853578161
74.8898874424717
74.88564266693157
74.8838077285435
74.88095973067654
74.8824932987537
74.87980695183794
74.87800162443834
74.87763193834873
74.87640727347141
74.8750639919042
74.87208656728578
74.87209840226258
74.87459203844385
74.87020968380297
74.87260985306717
74.86927374925536
74.87309054987007
74.86862161947228
74.87362235844343
74.8680936085725
74.87155544343211
74.86729072766963
74.8698748544974
74.8667264465188
74.86997178371603
74.86599016696618
74.8678229962686
74.86546125009045
74.86805046126514
74.86493451853086
74.86602106228429
74.86446534225263
74.86655384874487
74.86404856829625
74.8634130142829
74.86153816157162
74.8624759537013
74.86034562165223
74.86117298013653
74.86015541505026
74.86104926386946
74.85748838241852
74.8577018486842
74.85797235676168
74.8578368560998
74.85815136992721
74.85671888139221
74.85685301070345
74.85678752453937
74.85708129367757
74.85602145183478
74.85605753666893
74.85570392782422
74.85636354529512
74.85534473407876
74.85526399090595
74.8554045325218
74.85566281797152
74.85492962748046
74.85474545635627
74.85441641359901
74.85415139000847
74.85025661161347
74.84979308291175
74.84940732405491
74.8495102138188
74.84812723992827
74.84792319826286
74.84566747872572
74.84443781977998
74.84231911824313
74.84006672205325
74.83957351551422
74.84145837512683
74.83826007640747
74.83841984437194
74.8376652386605
74.83768042241705
74.83724748927847
74.83701304157574
74.8355452418094
74.83569318812638
74.83559804526104
74.835239574192
74.83466568127635
74.834315756337
74.8339434438075
74.83326822302772
74.83269329684084
74.83225996390793
74.8319451786897
74.8312546428819
74.830882100858
74.83009504580806
74.83039193716803
74.82912032660408
74.82944475727896
74.8277510899475
74.82863556570419
74.82653726005604
74.8276472742333
74.82654830077276
74.827317309348
74.82583948018515
74.8268668593628
74.82568748608675
74.82597496659575
74.82477042253377
74.82407979466188
74.82591802179806
74.82391686322035
74.82436753936751
74.8236761087441
74.82502266011444
74.82360063205417
74.82419068235514
74.82339464410575
74.82301378551364
74.82293252737684
74.8226407261703
74.82272152715937
74.8223263394291
74.82368668565437
74.82161398619888
74.82189766661648
74.82188782722548
74.82154394506391
74.82145794977633
74.82156778217748
74.82103203423239
74.82092226515684
74.82108881303232
74.82098255965721
74.82057748467109
74.81927429364586
74.81950524711672
74.81927921819037
74.81934054253912
74.81783886670152
74.81839922493596
74.8162616496133
74.81562296626879
74.81398933252508
74.81455555892263
74.81239648774446
74.81313910670258
74.81197713010692
74.81337344700412
74.81203600455274
74.81303309068007
74.81195664993832
74.81283434199284
74.81150488332581
74.81237396954386
74.81156982932886
74.81207704147623
74.80950252004844
74.81079978033415
74.80978653041097
74.80976446973918
74.80909529385842
74.80616643218013
74.80708601781024
74.80633447824536
74.8042116935681
74.80411622341886
74.80298339484968
74.80285106988171
74.80132337204321
74.80042864725918
74.79997327705632
74.79852497884634
74.79713104469685
74.79590832888067
74.79463615899861
74.79380815120248
74.79354335418151
74.79354450762578
74.79293480002329
74.793039094899
74.79332258978953
74.79273438951279
74.79222391258659
74.79216522627584
74.79231698753608
74.79199259046018
74.79267120935
74.79181607670051
74.79362148952436
74.79169606289379
74.79305397851627
74.79149943199316
74.79317863362317
74.79131624727647
74.79233642571991
74.79081739622968
74.79242041020777
74.79075134850684
74.79160506194371
74.79048118517215
74.79173333427141
