1119.9038098514654
1120.280797466952
1076.625392954771
1041.3280187287812
1010.5600430359759
973.6316872634779
931.998947422818
895.5453242436995
865.2844062981131
836.7976135944216
798.1403810458041
763.8507649271036
736.9223388705765
708.5205466879669
676.7227307327178
648.9834824492543
626.0672472828355
607.1679792149899
578.7669041719122
559.5838398453518
533.560952018726
508.1076087140381
481.1387913279485
460.54994707055806
445.15680676048237
428.7441806731395
408.34105356636735
396.3104255798766
382.45584035106407
370.1859758697015
357.3158133768569
342.7897647590503
333.9999318084605
325.9238411890102
311.54775590223676
299.2408634834156
295.68438027994034
281.2500188372678
270.8639707419573
262.24937223178495
255.45769298638137
246.43649396560556
237.1996849236439
233.813642694117
229.07209442927876
220.68518468631862
215.1575387767041
208.367586592145
205.67266365268793
198.2417134985588
195.3474217484404
189.83079839089856
186.44259883878192
184.40861198576061
177.68555881323675
173.84596475798241
174.08070378190146
169.170303233323
162.81069996257395
164.68253506090366
161.07331043634835
155.33093601171106
153.17286215347573
150.65614990377122
152.40572198439799
146.93505871165155
144.16452836949688
143.82394341398876
141.41220392229712
140.55343174631093
138.00685675639366
136.6045253180212
134.5913805298931
132.10201593056695
131.63245471092873
130.28314505533584
130.0737009277452
126.53562519285732
127.41163316395362
125.00612167340344
124.36883485959035
122.51053273462315
119.33446125111762
121.4591876253258
119.03155055645254
117.06404783799961
116.09068825945162
115.42308908361241
115.49455304632971
111.13443827390965
110.6849616432664
109.93328690872684
109.10443671988853
108.64343886245885
104.08770725106245
105.65601708668234
105.60094955970905
102.86501999376637
101.55317061317197
101.84966037863391
101.63046681697953
99.23710523032571
97.69876828911345
97.37489680993761
98.13569854296698
95.36618691097067
93.51690186006718
95.33409136978136
94.0321248341963
92.25792265932562
89.77136654697738
92.81962323880975
90.62360986743634
89.85822963261015
89.09933411706616
88.61178848772738
90.29615449576357
86.86924280383988
87.04503829051943
88.11219471502669
86.97255525864314
86.2816484783596
84.33259330816887
82.54669644214859
85.77927764143563
84.6668402095624
82.11449863778546
82.9409980441983
83.20213902624275
81.62054621973599
79.84412596646361
81.04025216289271
80.53406060570866
78.76676624740334
78.68128710828117
79.17044871667862
79.47027764114117
78.57987979080731
75.90537780907084
75.39225246698946
78.97852233511308
75.76672752980163
74.77363847780387
74.35050996613926
75.58649888981044
74.7108701350742
73.15979096020929
73.14832937708137
75.20603564162013
71.96791070247656
71.94369032414484
72.1101842688797
72.72977849553185
71.17496572966903
69.16721068182508
71.36481298566828
70.87539518044537
69.27701915517724
69.07188790203547
68.95871334936349
69.45778985260021
67.545127830691
67.67202473831588
68.02230394154263
67.2527559496371
66.53011840329133
66.46217086854683
66.46934695787328
66.76174018525852
65.24626008035143
65.23005827837932
63.671231893276705
66.74656600801856
64.57257072869945
63.399548469553224
63.802156456790996
65.3336202573554
62.58075542559079
61.32335094710797
62.73408285218548
64.28984006628747
61.999315577147975
61.51813338340441
60.96029346748365
62.31255024036639
61.140416560686276
60.14366242423188
61.48112696954637
61.83343270483366
59.522089571932945
59.14923152763111
59.47804472777246
60.41456073000733
58.97876442252826
59.181523763995216
59.24552406456875
58.79894402750092
57.21666461438766
57.08717727205162
58.378846840311844
57.98944150550706
56.79012744198824
56.073217760782214
57.263192965845526
57.93454222721834
56.78189524715119
55.1303293655995
56.047504662780845
57.20044193821277
54.812064695232195
55.63445952965458
54.68218101026502
55.67968438376077
55.11597360523556
54.35178373998702
55.31217373973142
55.44388833799763
54.212080124910855
53.955565744248744
54.850339896876484
55.50120498114299
53.88234302992007
52.8398895669306
53.45222892669804
54.49036295277247
53.039308932372066
52.403548969610085
52.80889129915406
53.616496063885265
53.117244993995996
52.063532037992864
51.685284642782435
52.78683480109668
52.489476124858626
51.84344425662559
51.45709902692049
52.8248739885814
51.930362043616405
51.097184017428496
52.027479730411564
52.228821805902484
51.08718271793228
50.11286575159698
50.53343106485795
53.22812538523005
50.42066038700012
50.73760641038321
50.13314826842701
51.09041639338685
50.260984702652486
49.29636868184419
49.647597409518205
51.410487526861715
49.30239037277297
49.407392172280126
49.716778360836486
50.63459282447296
48.240773528394755
49.058111116842724
48.942249263199024
50.1151123950711
48.03819547855156
48.15548013713629
48.50599052793032
49.94036370910507
47.55543842033827
47.37937874112285
48.30342743601083
49.30654098824598
46.99263427892251
46.9112118312069
47.76672643998389
47.88402316607865
47.04462750536687
46.089954013307214
47.95825613608868
47.399479921177615
46.56420018402048
45.79238874759088
46.82307888977888
47.50551677744638
45.87082777698409
45.51785017937537
47.268125947616554
47.13289277976799
45.53027197264991
45.22232645061963
46.91667459986026
46.884927881972125
44.62433779229875
45.558335906639
44.69698116517551
46.73992500321245
44.86973936404398
44.826752745445454
45.41252215036267
45.44513802214054
44.44584183563752
44.43266625169632
45.09961587562667
45.34088093809075
44.264631534079754
44.11264871418906
43.98330758072137
44.98940776774484
44.08809906042548
43.42383442360287
44.13164208636211
44.60570062496558
43.64249465343481
43.63711977203205
43.19980801085154
44.208521469950625
43.395672698450554
42.64525545961263
43.547495900573146
43.78284773055443
42.887460357844894
42.229405826567685
42.97691866530242
44.365091751759905
43.14452088216047
41.875075956905285
42.91209540007195
43.48194551527693
41.735010382296146
42.29599885587045
43.23026138949548
43.07665319713342
41.83536880772204
41.60414303519602
42.458025504644546
43.11263909016837
41.94124776921264
41.640964712948836
41.41297447173992
42.77047678908564
41.893781557690616
41.78915268030936
42.20431121724362
42.16323432641191
41.9133159988992
41.055954531706156
41.36620126327857
41.813705641240546
41.05331453857527
41.09788080852071
41.14054403406111
41.422631269166054
41.109362760160984
41.16289481722308
41.11301761781978
41.601265294294514
40.278214524403694
40.706017535441745
40.39285788819833
41.84651725912015
40.56028846526786
40.659578894646636
40.90017084902122
41.42671446630532
40.26408274499564
39.848709432134974
40.49042177182265
41.41744103125835
39.87040679943821
40.00135706513548
40.19518348459037
41.34701258641933
40.806782105330605
40.478657369752376
40.11748112928123
41.63938215434604
40.053246775681586
40.04276906925464
40.37693072658258
41.20899615362141
40.560626051219664
40.12277966952499
40.278307171856234
41.25852551533615
40.969679549181706
39.499525104697646
40.42283221528949
41.033550967238575
39.83715532772486
39.66560041777421
39.892203462172915
40.55938307732792
39.82570949370222
40.328803056265635
40.25329547395278
40.7387010793411
40.26423765243844
39.52435991649978
39.943622063715495
40.14714795625325
39.80841733488272
39.61314438727922
40.350777558111346
40.564987287929796
39.107905332996566
39.061644519894614
39.576232032588365
40.38844685834344
39.39142339018869
38.857061483202614
38.51673448438662
39.715144885006595
39.24592859594776
38.801791174210585
38.8590159494131
39.79071336603553
39.65033570103439
39.090284255638
39.1926155753867
39.60012190500831
38.31141037340555
39.303612175509315
39.018816371021174
39.952270987491595
38.75013507707671
38.582045207918654
38.95450928854726
39.335459018039
38.65052888960179
39.14411383483915
38.703537544565755
39.657295309161185
38.94347006303791
38.28228721897121
39.14148730203129
39.44291254584897
38.30196250337454
38.48437248672924
38.3475742210593
38.327900697324885
38.07961198840763
37.59697300691973
38.063895035258554
39.095087689162945
38.036113977199975
38.383139515362416
38.041549318574546
39.062460798101775
38.075957874133834
37.81699319784284
39.20928819812758
39.22831331791946
38.51814887936774
38.039794188882745
37.69463191200852
38.3586352119216
37.355747448278755
38.22439388763159
38.296652610762216
38.60406033191611
38.10566407179857
37.2983870679933
38.31139929785951
38.08774442450578
37.97506782665852
37.36379234556877
38.37491012969906
38.888073367507765
37.77931002211712
37.72160822522932
37.25285020198969
38.16025261946747
38.124116587923915
37.252596783312626
37.65804712432244
38.57510874169013
37.63620452348113
37.25943661906414
37.68006630508971
38.31540256133814
37.48471291194293
37.197129002254236
37.62719552446302
38.08107777663308
37.53381083538203
37.177256821408136
37.82949129236968
37.682344469590035
38.27146341157531
36.96037267633054
37.49733085951816
38.224542453974614
36.779690098584155
37.814961282176434
36.88673746347021
38.08848078619182
37.79588414800032
37.81937008907836
37.986788884860495
37.876662167495915
36.9287714146293
37.05094044562343
36.88337691596147
