1113.9780407600178
944.9363764266387
767.0559082925756
611.0825484559431
476.1830784130797
364.94892249489146
271.66264940832144
199.02587479039622
147.41922374756805
117.3526752732696
103.03210947444296
104.37648207762949
97.1934143513207
94.93077716007738
94.03632248171287
92.24019052297824
91.28585959363
89.88109464801124
88.7337291072227
88.14341975437098
87.02312551732318
85.22130176316725
84.11367946415696
83.66298523571193
81.89776924926832
80.98299513090336
80.4205309899238
79.53904528750272
78.55876374586377
76.80596181746085
75.8556355427188
75.28549969283331
74.05774321140832
72.98095542555113
71.86822713982897
71.2496283812778
70.33074300453026
69.88363024796502
69.27513805626633
68.54739980932438
67.85177752032675
66.88956013721037
65.8008665250673
65.24987486750928
63.95538136494385
63.79571559387936
62.207614512975454
61.533395156015665
60.55106323121741
59.742562482192824
59.17288021167974
58.13598318354585
58.1389168941483
57.16053257319645
56.75504047298315
55.482110986740196
55.265620129908726
54.21560626713739
53.70964588235315
52.93504035970373
52.77032913297928
51.654072897255034
50.913884137730754
50.46142801941613
49.86364581295257
48.661078585555245
49.001268860818016
47.623474698172906
47.4009829932177
46.28638583992432
46.22099950727414
45.07277593865911
45.431563560159354
43.970145399145316
44.63100119633815
43.66084139391858
42.8129592220741
42.73887001505726
42.56376355007796
41.609054675670876
41.48741215912356
40.894350353940986
40.296921499089294
39.23334183245477
39.136611433147834
38.584811149666514
38.309263096037476
38.36666532684923
37.24769359727861
37.41752587026891
36.449827797311066
36.548923118675184
35.592354822069936
36.12554279559007
34.969177482195185
35.53753170379902
34.27422642894494
34.86677895704415
34.08902919195431
34.13219753477385
33.43742201079424
33.50264047318404
32.97534068606315
32.93491841786396
32.02216581438024
32.27773889002607
31.423517048999262
31.6498625220313
31.33728526299241
31.033695327940617
30.443241455777937
30.840327507246464
29.932744973720588
29.687831973818493
29.881081236378858
28.903213175591837
29.428862137536832
28.50455871128814
28.63729602391054
28.35887800370518
27.93307081529439
28.288384875534938
27.493261506472475
27.82981256032144
26.90647018160339
26.810671561782364
26.433865838594873
26.31528783749783
25.67280258218414
26.19605657888239
25.21283656991318
25.85155738233911
24.950876590463807
25.257542263185805
24.611557362912425
24.809365207530856
24.609183113443358
24.160724309779845
23.704539343562764
23.98107298698089
23.63842182600098
23.79406286209867
23.612370448224215
23.294792460327113
23.37335826699588
23.38519079013137
22.86557382936384
23.85550530305846
22.83482819066595
23.503866716842687
22.5132587075376
23.09469727628205
22.328903727862986
23.215696665003726
22.264415067596683
23.34160388542458
21.924970957508553
23.007805136194147
21.982463626694475
22.690321638381825
21.780470178207963
22.703295422511385
21.20036075934666
22.466381989060945
21.55445157259402
22.550396412210624
21.565816379711364
22.190192254620023
21.708145052681203
22.022541144743634
21.515585674704003
21.756499222767687
21.286683030821155
21.69332625822796
21.60114412341571
21.4343961910886
21.543426108577997
21.523201890954063
21.46902206356821
21.582465298214046
21.514429800268562
21.70759275176628
21.24284611693052
21.523833049738975
20.958972317828497
21.617560237037445
21.034007123418995
21.543153949250616
21.054881440823433
21.284921853799887
20.924895281571427
21.386524134149493
21.050341494387318
21.35743505073078
21.167279229241657
21.21783447290965
21.374376456756696
21.07539728754925
21.348386075626276
21.26936449158974
21.177262379123505
21.30448725150173
21.11060181288673
21.31845484133618
21.2857250271001
21.339346341881495
21.640064959775156
21.194713332470595
21.528669557941342
21.146240345503067
21.55685383891174
21.06692463820942
21.4875674757978
21.142380748149193
21.071267701497522
21.172497170102854
21.171131699380084
21.328605148581175
21.287937041960305
21.42828408147627
21.145747616867578
21.49297368658052
21.07741634283391
21.546781103512433
21.026957064122215
21.730855447126856
21.00010356710157
21.640498109865163
21.10777156976785
21.741078144119015
21.22678345441096
21.724830849501128
21.12658612017216
21.667300596813057
21.102515962505706
21.73870672983593
21.085578544342308
21.914625744714204
21.27778539585824
21.99020142178313
21.122575807970957
21.9968389347428
21.284705534262233
22.083917488536173
21.35863399045897
22.080990927361935
21.36498531943992
22.02970720607114
21.373646249339235
21.994437653815464
21.556254270981633
22.024618664539464
21.361259038707654
22.148979471445713
21.307326388896783
22.131882178905183
21.353360742497053
22.083326745582635
21.329234788984987
22.08447864831384
21.353054360801256
21.9745334290023
21.32890139051404
21.906409863573234
21.501123436257913
22.199514334686455
21.468480263209905
22.143727569241477
21.458139207135925
22.18335460277436
21.47421648577524
22.239639473023125
21.459707973697416
22.278020426030967
21.483215870165
22.28700320307346
21.476033836650704
22.31000100346757
21.499828088206193
22.328616487061456
21.558846513049204
22.316239992555804
21.522045842020738
22.352442470611056
21.58477209658029
22.36689683642061
21.561097918521074
22.382293253795535
21.602756725894224
22.37601143984215
21.61422339313015
22.378341554811925
21.644069418302834
22.38504669512945
21.66182953126259
22.394086643697328
21.674335669561657
22.407050766324147
21.68943535225627
22.428704243996446
21.690324683533348
22.442741035067705
21.691725309200013
22.457210514620055
21.694049489299005
22.475266249632398
21.694036066622125
22.48266506138997
21.69519069429643
22.483619732343932
21.698546953641873
22.486791310639152
21.69970741910844
22.49128874882718
21.702112796864668
22.49471298522932
21.707892752838667
22.4980803128487
21.70947107301797
22.500782143782775
21.71257569585856
22.50188675337627
21.7105997852961
22.505019199956358
21.72185978293001
22.508974062144393
21.69424994641343
22.509569732339088
21.80098014876523
22.510262747513824
21.69807421702468
22.512494086774883
21.719912195093638
22.516592738589726
21.77117906779482
22.521977045379032
21.73418391927574
22.524460268727076
21.71077298031615
22.52290036561578
21.725298457270405
22.522035703301842
21.73196922059263
22.5186979125219
21.752520478320747
22.51652365322179
21.763246133079388
22.518465689048487
21.7596725665167
22.519800582468193
21.759155863339338
22.520910112032478
21.757346789963506
22.524047952879894
21.759451296459062
22.52670500801034
21.759135220828842
22.528310255528634
21.759578315021958
22.528698884900763
21.762180390304636
22.5287686008073
21.761696728139995
22.527233304975756
21.76408711966753
22.527278082810067
21.76613040972507
22.5286529509137
21.768847157853514
22.528326872387655
21.772438659710243
22.529018274756925
21.772662202031416
22.52989252038557
21.773842691622047
22.53002497106513
21.772029560673822
22.530233288719064
21.772006746631536
22.53056791904093
21.772752739529086
22.530718056799135
21.770544860274732
22.53105354850193
21.769470227670308
22.531509683387736
21.769005608070632
22.532134856590496
21.768082409360172
22.533001224702616
21.767623255333962
22.53421839869757
21.76763708726753
22.53595207980273
21.767962370859717
22.535952089339656
21.76838351563522
22.534963622388265
21.768893987319792
22.534444319542054
21.769553525206078
22.53431874844196
21.770499276214384
22.534568280042656
21.77033404687707
22.53522889279775
21.770121856280767
22.536396534223424
21.769935533716364
22.536173866721487
21.770109484832783
22.53634808678535
21.77028699495174
22.536320400831237
21.77040089430647
22.536320724819113
21.77042154744536
22.53632074772189
21.770344252523362
22.536321053204567
21.770187804836766
22.536321208245734
21.7700013045043
22.536321170489128
21.770001153133737
22.536321641030522
21.77009517701267
22.536321737128045
21.770123159603198
22.536321914363214
21.770071618129517
22.536321914899766
21.76996709621669
22.53632223572185
21.769970853517734
22.536322309407318
21.76997079888512
22.536322473774245
21.769971012808504
22.5363227726975
21.76997095827656
22.536323008705708
21.769970932263686
22.536323039303007
21.76997093473036
22.53632305686373
21.76997103350876
22.536323456530642
21.76997114326278
22.536323616128417
21.76997132291462
22.536323539837948
21.769971162021555
22.536324095995322
21.76997120295795
22.536324139339268
21.769971329215053
22.536324494085964
21.76997138528039
22.53632457232455
21.769971287909097
22.53632462152099
21.76997145776626
22.53632508289786
21.769971472317522
22.536325257632182
21.769971462050908
22.53632548799366
21.769971379166602
22.536325526628975
21.769971663520504
22.536325855720573
21.769971603003622
22.536326437276326
21.769971547600395
22.536326417878012
21.769971758044644
22.53632660170551
21.76997166544756
22.536326766202805
21.769971740332537
22.53632706759427
21.769971695079946
22.536327395633048
21.76997181940825
22.53632756269349
21.76997182450308
22.536327338596262
21.769971883470095
22.536327865429058
21.769971933268128
22.53632807279037
21.76997194976828
22.53632831655972
21.769971822502963
22.536328420148642
21.76997199814686
22.536328789243115
21.76997186250766
22.536328960631558
