37456.14435122064
37465.24579337331
37442.60678309153
37420.6906564121
37399.51117555315
37379.08010478653
37359.4071809473
37340.50001995316
37322.36395840818
37305.001821370686
37288.41359745472
37272.59598727715
37257.54176452109
37243.23883603225
37229.66876994653
37216.80425877992
37204.60402393452
37192.999264959144
37181.82708261905
37171.41101565448
37161.79074135514
37152.84769457791
37144.520661583025
37136.76798398606
37129.558211642754
37122.86615339406
37116.67079102954
37110.95402470534
37105.69985250874
37100.89380305799
37096.52252845908
37092.573506043576
37089.034818348824
37085.894992431255
37083.142886469665
37080.76761592159
37078.75851436943
37077.10512624939
37075.797230259115
37074.82489362472
37074.17855875536
37073.84916528716
37073.82831231299
37074.108467976825
37071.799358652
37069.79878727601
37068.10653443506
37066.722554915796
37065.64699386707
37064.88021046971
37064.42280963341
37064.275682541156
37064.44005721774
37057.75575932929
37051.424866098554
37045.45180999339
37039.84111571366
37034.59734765673
37029.72506592066
37025.22878979046
37021.112967884255
37017.38195431896
37014.03999040491
37011.09119150587
37008.53953881229
37006.38887588034
37004.642909889764
37003.3052176804
37002.37925674276
37001.8683814742
37001.775865177835
37001.257350157466
36975.825061356874
36951.36885573715
36927.88960957982
36905.3863451636
36883.85579021308
36863.2917064718
36843.68377434694
36825.01553667004
36807.26000072804
36790.36740690422
36774.198396488784
36759.080294101805
36745.11687308804
36732.23195617888
36720.42707615504
36709.75276367654
36700.351101325505
36692.123699129086
36684.90363156247
36678.95163386057
36673.909081238075
36669.93050307805
36667.13030755667
36665.58015758137
36665.33242890714
36666.42848741332
36665.03438891907
36664.90783752033
36666.01923257936
36677.991539727715
36672.7293512091
36653.49594535654
36635.314883035404
36618.187029975095
36602.112652279706
36587.09133851771
36573.121911195565
36560.202325545324
36548.32955296006
36537.49944559576
36527.70657752245
36518.944056189044
36511.20329560444
36504.47373909299
36498.74251399331
36493.99399184933
36490.2092128454
36487.36510709
36485.43339612082
36484.37895758607
36484.15720863003
36484.70946819087
36500.00471785736
36501.43118920529
36485.09347300197
36475.757996903536
36467.01273909748
36458.76481220196
36450.83813999493
36443.58734262057
36436.867321595346
36430.86806476587
36425.62350340209
36421.09086357562
36417.35192063343
36413.96146405273
36410.95114263956
36408.39902222343
36406.348039863165
36404.83248988038
36403.886723240474
36403.551398530384
36403.882663203745
36408.94038759079
36410.89494320884
36389.64742632246
36368.551505633164
36347.6956376544
36327.130581705555
36306.447901691936
36285.78667608385
36265.21065435592
36244.74457592811
36224.38023487808
36204.06806985845
36184.11282162857
36164.49687617407
36145.18421707803
36126.16112563801
36107.42176505674
36088.96419428763
36070.78872633833
36052.89711430567
36035.29210054492
36017.977148223516
36000.95627353141
35984.23393747881
35967.81497494043
35951.704548007045
35935.90811575486
35920.431415405954
35905.280451550134
35890.461491143054
35875.981062657964
35861.845958200254
35848.06323768121
35834.640234340746
35821.58456104151
35808.904116846745
35796.60709345453
35784.701981101505
35773.19757357154
35762.10297195691
35751.42758682021
35741.181138397165
35731.37365446467
35722.015465473676
35713.117196514264
35704.6897556368
35696.744318000645
35689.29230525465
35682.3453594711
35675.91531085182
35670.01413829615
35664.6539217578
35659.8467851099
35655.60482796915
35651.94004457899
35648.86422738225
35646.388852278775
35644.524941680414
35643.28290022376
35642.6723161718
35642.70171878262
35643.456232973724
35647.05746984178
35630.60225466886
35614.72496172456
35599.43264890883
35584.731313732555
35570.62604277315
35557.12112327957
35544.22012322233
35531.925943962284
35520.240848176625
35509.16646448337
35498.70376918092
35488.85304454252
35479.61381206089
35470.98473779586
35462.96350536311
35455.54664984321
35448.729342538645
35442.5051112559
35436.86547211217
35431.79943366196
35427.29280561498
35423.32718621751
35419.87836997378
35416.91356768539
35414.38567471503
35412.217095412256
35410.25071401525
35408.87232633877
35408.039736558276
35407.64951120209
35407.64544646061
35407.989598275875
35431.5262059366
35427.321785275206
35376.6179559107
35325.828453153335
35274.94243336658
35223.955712634146
35172.86881317416
35121.68575977374
35070.41327285177
35019.060193695776
34967.63705625712
34916.15575703815
34864.62929378594
34813.071554347596
34761.497143297944
34709.92123781075
34658.3594667278
34606.82780843524
34555.34250429746
34503.91998520939
34452.57680942237
34401.32961024938
34350.19505261108
34299.18979767804
34248.33047512394
34197.633662750304
34147.11587349707
34096.793550141774
34046.683068343904
33996.80074916215
33947.16288283868
33897.78576664146
33848.68576112627
33799.87937178443
33751.38336761026
33703.21495667205
33655.3920560867
33607.9337325948
33560.860989536435
33514.19838795504
33467.97835506535
33422.26598276282
33376.95780379001
33331.97710337081
33287.382251035604
33243.20225056625
33199.457568437894
33156.16417281576
33113.33508901062
33070.981167851634
33029.1115244275
32987.73381429336
32946.8544202551
32906.478585916244
32866.61051559692
32827.25345202197
32788.40973878299
32750.080872077753
32712.26754472998
32674.969684546857
32638.186488446583
32601.916453350168
32566.157404499623
32530.906521584562
32496.16036278585
32461.914886536117
32428.165470393113
32394.90692584164
32362.133506936018
32329.838909209957
32298.01625270666
32266.6580382808
32235.756057177758
32205.30121466743
32175.283183719534
32145.68968435174
32116.50478248865
32087.703617507126
32059.23250738869
32031.264833532543
32003.81091052166
31976.836012669068
31950.302430847816
31924.381789583407
31899.18636693344
31874.763424857054
31850.672480733858
31827.028088396644
31803.897412826613
31781.31546825715
31759.303593400527
31737.875414716655
31717.039583445403
31696.801283277877
31677.163162704986
31658.12595972816
31639.68894562366
31621.850254313373
31604.60713519231
31587.956152335253
31571.893344694472
31556.41435700946
31541.51454813427
31527.189081554174
31513.43300158099
31500.2412978396
31487.60896004363
31475.531024616936
31464.002614394456
31453.01897239435
31442.575490470514
31432.667733512662
31423.291459751556
31414.442637638724
31406.117459700174
31398.312353707068
31391.023991459228
31384.249295439397
31377.985443564074
31372.229872229465
31366.980277828803
31362.234616897396
31357.991105025503
31354.248214664156
31351.00467193714
31348.259452560957
31346.011776965075
31344.26110469636
31343.00712818403
31342.24976593469
31341.989155221127
31342.22564432298
31322.373279953434
31302.72381281246
31283.2785204536
31264.038925417663
31245.006746659612
31226.18386126475
31207.57227541614
31189.174103850186
31170.991557261546
31153.026937311122
31135.28263906367
31117.761160845977
31100.465121682428
31083.397286642496
31066.560600635952
31049.958231431418
31033.593622971668
31017.470560444228
31001.593249080197
30985.96640936294
30970.595392337225
30955.486320190554
30940.64625953276
30926.08343836837
30911.807523670992
30897.829986827317
30884.16460361886
30870.82817497398
30857.841644922104
30845.232032178563
30833.036398594675
30821.313240051426
30810.164082642794
30799.3163907442
30788.824502686468
30778.777956484682
30769.261045288647
30760.372805916795
30751.828005503656
30743.695391786845
30736.0398357718
30728.899375485744
30722.300273908382
30716.261745524986
30710.798157529418
30705.92027218239
30701.636035390256
30697.9511185454
30694.869312567054
30692.39282682535
30690.52252336745
30689.25810515326
30688.59827040277
30688.540841216174
30689.082872165258
30685.06236222245
30681.40694520773
30678.119046857257
30675.20096037884
30672.654839441413
30670.482691069476
30668.686368454528
30667.267563696492
30666.227800489552
30665.56842676764
30665.29060732617
30665.395316438153
30651.44816738378
30637.744757684093
30624.289308119165
30611.0859949519
30598.138945221115
30585.45223184929
30573.029868558675
30560.875804589847
30548.99391921571
30537.388016044155
30526.061817101276
30515.018956686938
30504.262974993268
30493.797311475922
30483.625297966362
30473.75015151228
30464.17496693134
30454.902709060916
30445.936204684156
30437.278134109
30428.931022372562
30420.8972300381
30413.178943544895
30405.778165062955
30398.6967017935
30391.93615464236
30385.4979061747
30379.383107735906
30373.592665591063
30368.127225892677
30362.987158226486
30358.172537403934
30353.68312305242
30349.518336386605
30345.67723329386
30342.158472487103
30338.960276881106
30336.080385375382
30333.51599057087
30331.263654978844
30329.31919260499
30327.677491034934
30326.33222209716
30325.27531732404
30324.495848014572
30323.976817681418
30323.67970559431
30323.71079016714
30325.689221387238
30329.312629954577
30323.829396887813
30331.263826244416
30314.0384137765
30297.257300842437
30280.91743741101
30265.015523756563
30249.547994162487
30234.51100854138
30219.90044899222
30205.711919893038
30191.940750851714
