58690.24700760347
58686.18903102788
58675.426379118835
58660.76961609806
58644.13392688651
58625.763361353514
58605.45685650095
58584.37966162246
58563.09553715797
58542.24056804004
58521.82571810942
58501.86777316529
58482.37120281074
58463.31394407669
58443.423921727146
58424.52228051786
58405.98664242697
58385.80884109675
58364.57674230792
58344.3693000664
58324.0954807428
58302.89763706275
58282.38212835216
58262.365012649556
58241.273094090415
58220.5071255907
58200.104156616864
58180.68715262911
58161.292739804514
58139.73398126271
58117.67132499929
58096.158167636415
58075.206278196
58054.54635248705
58033.94416334184
58012.34290746741
57991.25559776424
57969.45659492335
57947.38757675596
57926.23824879228
57905.554789506095
57884.73043735516
57864.52792962984
57844.44292235
57823.354377026466
57801.96342058179
57781.1407909806
57760.904407910224
57739.24050699166
57717.52362720705
57696.39380779604
57676.50663149293
57656.044777018236
57635.79262874545
57616.15005469563
57597.09281412857
57579.317760968246
57561.2879998766
57543.2259616581
57525.7792220458
57508.94025277117
57492.66050580936
57476.33149639914
57460.632949302395
57445.578828367594
57430.3658560269
57415.38692874251
57399.94050582099
57385.652075718834
57371.0222205317
57355.35796176578
57338.4307527026
57318.78031692255
57297.303593518176
57276.559485045545
57256.85157442219
57237.45373039514
57218.57901091206
57199.61132555307
57180.485435288545
57161.28629033838
57143.63049765328
57125.52794522548
57108.09343772319
57091.48842649298
57074.78997561958
57057.51390029016
57041.10301849489
57025.21728439876
57009.326915869264
56993.6297689569
56978.66993118422
56962.8605703888
56947.77041200505
56933.248329650036
56919.07576613111
56902.526995511136
56886.870417379745
56871.33096983833
56856.759393380526
56842.36545403156
56826.9504197672
56811.58046715327
56796.943977917625
56782.71326752753
56769.302006887156
56754.55116325049
56740.50452968557
56726.62077585447
56713.42840377213
56699.13715710704
56686.3031003544
56673.72262159592
56660.11155173569
56647.199103215906
56635.37788839173
56623.81842356936
56612.16255878699
56601.79524646628
56591.8806922378
56579.37532653992
56567.30064236137
56554.9976530918
56543.163507815676
56529.409864665526
56516.80873417024
56505.10552243057
56494.06455963976
56483.4057989042
56471.72961377082
56459.99301016861
56448.637148946975
56436.660014199915
56422.237810646875
56408.034819383436
56394.55699595039
56381.71297029219
56368.78425632373
56354.82423805303
56340.266866817554
56325.43763583189
56311.61902829452
56297.458511966164
56282.9773983564
56268.52239223009
56254.79743113118
56242.16286771533
56229.86303802873
56218.055737427814
56207.007020499695
56195.951470182736
56185.41327582605
56175.88426079799
56165.91277846718
56156.07203813795
56146.70051760458
56137.80494050021
56127.34408572551
56116.79986596619
56106.215698460896
56095.91646981082
56088.39896654246
56079.15605719019
56069.55108939042
56058.8403082575
56047.5997894157
56038.11502832814
56027.88662111039
56015.498633396885
56002.947753762965
55991.26992565261
55980.45990218798
55969.671596411674
55957.48438568363
55946.703941785156
55936.01818408645
55925.34563641955
55914.01078214107
55902.65678590373
55892.01691444072
55882.53444246867
55872.96140502952
55863.26455319146
55854.05933882592
55844.31689261034
55835.27957587849
55826.97261210157
55818.350551264215
55809.692780642494
55799.083195404346
55789.23390920459
55779.444636698485
55769.59946996173
55760.44480440135
55752.01996336592
55743.233224027485
55733.42543471493
55723.780061996644
55714.79587515225
55706.04539643432
55696.639516603645
55686.34495600286
55674.92508868655
55663.31577503553
55652.15395794094
55641.60403330282
55631.65794784159
55622.47625281324
55613.79501072524
55604.235355308134
55594.783943787574
55583.50291413588
55571.69970855412
55560.568691668675
55549.142310677336
55538.02222660606
55527.6113395135
55516.75846141508
55506.19037919232
55496.31502207535
55486.61406878179
55476.37395986568
55465.7774248657
55455.313430049464
55445.80433021605
55435.24506927429
55425.345405194756
55415.59489774495
55405.90811301016
55396.812312920396
55388.331432295614
55381.01891463516
55373.280794607126
55364.38264135923
55356.35088749959
55347.86177236316
55339.466809542806
55330.84674319346
55322.38474167333
55313.39032646031
55305.873441003605
55296.635747728506
55286.11003099392
55275.743731399736
55265.74612088152
55255.00904334887
55244.120111916716
55233.71531827798
55223.59785021966
55214.663065178574
55204.11829704378
55192.6588399631
55181.25163015146
55170.50347691339
55159.80837254422
55149.642421698016
55139.878409182296
55130.62465516453
55121.59785593421
55113.00688610534
55104.907362047146
55097.814077967734
55090.36820897647
55083.76609078596
55078.43846653005
55071.54909641283
55062.40375813424
55054.04222925148
55046.00862580641
55038.561570357786
55031.29937093255
55024.56172287036
55017.382445516385
55009.60223716719
55001.849767155734
54994.37880585338
54988.08021297974
54981.5364414918
54973.88582659068
54967.27336741255
54959.16547855238
54949.70434680776
54940.846370744475
54932.43598677558
54924.59897568552
54916.69057595405
54909.37382522745
54901.606940065554
54893.62307009353
54885.82771780744
54878.83846149129
54872.23669411191
54866.201200152485
54859.85618444675
54853.09568789028
54846.22606852581
54838.424593669326
54829.01991360707
54820.84811699439
54812.0380443864
54803.749620356626
54794.345122942126
54784.26519682436
54773.28430390347
54762.309611628414
54752.283919531175
54742.33291423739
54730.121122559285
54718.02731163368
54707.02505765493
54695.21058974033
54682.59733658947
54670.5627468333
54659.17646870401
54647.87516527574
54636.16723475378
54625.34309794457
54614.327669888306
54604.21121517495
54593.41118758908
54583.611956132714
54574.780093260044
54564.80967439561
54554.843045583126
54545.67115502932
54536.42339196469
54528.50447923751
54519.65176963202
54509.227197392385
54498.231976040806
54487.84284910012
54477.83584545856
54467.63691290928
54457.24241253583
54446.978534916445
54437.05845435997
54427.41010745955
54417.80613066545
54408.67543409293
54399.69727265218
54389.64198801248
54379.994613671144
54370.372082594986
54360.2976028604
54349.591030709074
54339.867861862025
54330.09210997646
54320.94135687357
54312.83825909996
54303.27388421665
54293.92283310802
54285.17878026605
54277.12914321108
54270.48213589996
54264.25237807308
54257.02351721587
54247.54501725226
54237.593933506745
54228.421172935254
54219.10902523442
54210.65970940637
54202.41669185008
54194.01223442882
54186.330562825045
54176.40616065425
54165.69895554664
54155.7896909338
54147.30285616874
54137.562888110224
54126.9075889677
54116.91723883428
54107.0484997157
54097.54109293673
54087.90026076508
54078.88137859397
54070.4822379525
54062.06478942134
54054.10762209882
54046.37985733393
54039.434866319265
54032.970702205974
54024.27718350511
54014.453376453246
54004.47917846699
53994.28150850362
53984.486357796704
53974.229223593364
53964.553396812276
53955.45216375824
53946.30082054982
53937.39430371114
53928.26631712333
53918.44451009314
53909.857762063875
53900.82144498992
53891.54118819665
53882.49731981261
53873.373894079465
53864.81642794655
53856.82929897512
53849.56576317004
53842.718819916816
53835.80077453053
53830.366845039774
53824.186196693285
53816.88782922737
53809.9284049207
53802.90451760196
53795.94409403445
53788.852541152824
53781.54265339733
53774.971065660146
53766.69856368233
53758.95071812347
53750.34836944359
53741.77844643646
53734.41204307295
53726.40655365131
53719.10894031321
53711.138640806596
53703.18951613744
53695.14267492475
53686.3533775869
53677.863171616875
53669.8784198852
53661.28805953972
53653.2667880305
53645.02417489598
53637.043793439836
53629.62891828441
53622.78690487201
53616.72469670975
53611.21392927624
53606.045985026576
53600.39025184547
53593.58823495463
53587.342013473004
53581.19153343307
53575.443282290675
53569.39351753976
53563.431193777746
53558.7694306602
53552.3558794486
53544.33837871244
53536.46065242796
53528.39959557681
53521.28221585476
53514.12995164133
53506.89576663045
53499.216223042786
53491.90838936484
53485.01485413042
53477.42415580965
53469.65413465825
53461.36978465
53452.200311739216
53443.22408278223
53434.06257878523
53425.66543481315
53417.5802343991
53410.385786661165
53403.48782859157
53395.44760049553
53388.91849251652
53381.05872288402
53371.76228623068
53362.59820985311
53354.396355870515
53346.800182352425
53339.833612105285
53332.23350092848
53324.54305750132
53315.73919021394
53308.27407161186
53300.24042454042
53292.478750527574
53285.26812229172
53277.37466427223
53269.22200262405
53259.89563782023
53251.53828443577
53243.1458198514
53233.223890819274
53223.188166717686
53213.53472781671
53203.61901734994
53193.66852625113
53183.89435490098
53174.57594647863
53164.65117349173
53155.208094584465
53146.14334879358
53138.15526706303
53129.64031780597
53121.30804362649
53113.170093252294
53105.08950196269
53097.16689881597
53089.689065831844
53081.57196849191
