58040.70202902865
58036.01965147874
58017.74346742197
57998.46193975991
57978.379942664855
57958.64071186325
57939.20618801774
57920.1059423264
57901.33587860807
57882.90444981111
57864.75538352032
57846.927128942676
57829.36374222106
57812.05810925496
57795.05420265588
57778.35150262984
57762.01120926085
57745.9282020082
57730.098621191966
57714.61037953091
57699.434652411546
57684.532414130015
57669.84816465633
57654.63770973872
57639.560264361426
57624.75087043823
57610.2700012709
57596.05138476859
57582.09440814956
57568.478234076654
57555.097269968785
57542.00839053713
57529.22194014825
57516.65415293505
57504.482195015284
57492.563919698514
57480.96719181805
57469.694772531315
57458.183667051824
57446.53914122852
57435.27001835624
57424.319717335406
57413.73620535652
57403.44070737215
57393.096880447
57382.238396554865
57371.344591394925
57360.79890511051
57349.83520573046
57339.03948158286
57328.49798681009
57318.25656607837
57308.34494188246
57298.662277786854
57288.56287562702
57278.604221165166
57267.577490388445
57256.93755698816
57246.73766778664
57236.86310846923
57227.30987034615
57218.10814418574
57209.359610920525
57200.90495123757
57192.821889576466
57184.966123840175
57177.43616136061
57170.132272922216
57162.20169409504
57151.33296702571
57139.73498453412
57128.400004167896
57117.490161876536
57106.14362217976
57095.114982076644
57084.33591476555
57073.806533316616
57062.718984165505
57051.51522354159
57040.70703016381
57029.53903723714
57018.51788948463
57007.90799758601
56996.396533611296
56985.3568533405
56974.29704433076
56963.578178533935
56953.36318591077
56943.65260201076
56934.28508891384
56924.716165010206
56915.484431243975
56906.752818024834
56898.511613487986
56890.74724211496
56883.302592800675
56875.89480794921
56868.852895765514
56862.08163717529
56855.58702604982
56849.597311223246
56843.8980031027
56838.594149358614
56833.580619012835
56829.00997028709
56824.81709030911
56820.967552282986
56817.45157420094
56813.28130540144
56808.28702983837
56803.5251219657
56799.079666493846
56794.7299379807
56790.62022801563
56786.80794008519
56783.32325755439
56780.174734375236
56777.374483358944
56774.82793741578
56772.61786769368
56770.639815587885
56768.919957791746
56767.45380025107
56766.24699414679
56765.29000863887
56764.550427338414
56763.959837560746
56763.40907409584
56762.959263270975
56760.7146776397
56758.27908012152
56755.92372137992
56753.61527817645
56751.4639861228
56749.36686395518
56747.350550729294
56745.41707532312
56743.52975822602
56741.05254117457
56738.0274303432
56734.975957176815
56731.815909506375
56728.68941783363
56725.70367137511
56722.84909120033
56720.0497801013
56717.39279615739
56714.830238433635
56712.40140618524
56710.069464813794
56707.87789125367
56705.77021415515
56703.81005445741
56701.91718321809
56700.21695657551
56698.530990002684
56697.03980631975
56695.579220301726
56694.29338122116
56693.043971932595
56691.9530719397
56690.96479260889
56690.054875188885
56689.246916713695
56688.56601612236
56687.96886304139
56687.486650717416
56687.07812011295
56686.786391368034
56686.57262245738
56686.480572093504
56686.449744643534
56686.42996910316
56686.47851208153
56686.44758889579
56686.46637539766
56686.42752395392
56686.435756418694
56686.47054212057
56686.44077883392
56686.4266538794
56686.43458392103
56686.458650441076
56686.44128288276
56686.42623832885
56686.43263318423
56686.44954353377
56686.442772706236
56686.427424121335
56686.428163687975
56686.43911588863
56686.44440229174
56686.42943798905
56686.42613321578
56686.432294666796
56686.44552495147
56683.427369956524
56680.34405265244
56677.30310614225
56674.30978938585
56671.32029666691
56668.37469877287
56665.4727857605
56662.62623629265
56659.785853290516
56656.99103780771
56654.040618825755
56651.06471488737
56648.12358147673
56645.27486278721
56642.50850572756
56639.8136963979
56637.16136507649
56634.59919221743
56632.09643058486
56628.18319651376
56624.352926472
56620.648848001045
56616.50161260094
56611.442697307415
56606.50298619727
56601.71774747887
56597.01700041991
56592.48783031484
56588.02986651637
56583.70542136573
56579.39838713286
56573.67297006637
56567.95586554933
56562.36897846886
56556.96065788463
56551.712049195085
56546.63760973651
56541.69991927426
56536.94616402126
56532.33794820439
56527.9010464778
56523.61247955125
56519.51468115511
56515.57571885014
56511.82704061696
56508.21403900982
56504.800612661595
56501.520156078805
56498.45060276517
56495.523520243914
56492.78564436948
56490.199792273655
56487.821388801865
56485.58455790628
56483.565604062765
56481.720390350165
56480.10108563748
56478.48331111131
56476.541654048655
56474.696959912326
56472.4919463244
56470.457740945945
56468.55263582074
56465.66377906991
56462.116353917074
56458.13215794774
56453.8079494707
56449.72116949719
56445.61620130844
56441.739162802085
56437.90236470333
56434.27834141032
56430.70461366968
56427.33918258657
56424.027143083695
56420.92929399677
56417.156359983645
56412.295990262995
56407.49532513065
56402.77781131052
56397.02648441712
56391.538858204185
56386.26603154828
56381.2430308474
56376.425247977124
56371.86856747532
56367.50986507278
56363.45175711896
56359.599581332106
56356.013159304006
56352.630943749275
56349.56228564134
56346.68354120902
56344.06670837425
56341.64872619187
56339.545128140686
56337.62942634864
56335.949744674486
56334.5256044668
56333.09724819578
56331.948991402685
56330.949038362276
56330.16640904738
56329.36544317519
56328.79901624964
56328.31065551703
56328.00292677729
56327.6094255016
56327.405360095305
56327.20167883325
56327.14558754407
56326.96377942235
56326.97612908829
56326.90361293333
56326.965706281364
56326.893654960164
56326.968926282316
56326.91886139152
56326.92688997759
56326.911500871916
56326.94916260945
56326.92622177071
56326.90794402178
56326.912475511206
56326.92761178864
56326.89890543817
56326.90585129017
56326.892455496716
56326.90783103769
56326.89969669722
56326.899418890054
56326.925077450884
56326.681876838156
56326.29008300112
56325.439490147524
56324.48996856807
56323.5272911368
56322.64044486442
56321.75132098714
56320.93118654764
56320.10378153812
56319.357895662106
56318.59737579534
56317.9157669987
56317.21395353758
56316.601024773554
56315.9547864803
56315.399187490286
56314.83000606544
56314.36004714931
56313.855123604655
56313.43645015492
56312.99991099973
56312.66389925986
56312.28707835481
56311.99584506589
56311.714640014776
56311.47448980858
56311.09493295674
56310.53116373442
56309.97832395698
56309.549209894874
56309.12979388884
56308.82939472534
56308.54689281041
56308.38354478313
56308.15320805965
56308.01630035853
56307.903089699634
56307.820184224205
56307.79235114742
56307.756627936
56307.752361180304
56307.76101459451
56307.73338186526
56307.78766303701
56307.73350620512
56307.76017884819
56307.7388380815
56307.756747729516
56307.7321164128
56307.748129978936
56307.74567075685
56307.75139010498
56307.73610512942
56307.761506570365
56307.772474773126
56307.739207706276
56307.74283985367
56307.725966877384
56307.756402199586
56307.51973228456
56305.80605695656
56304.09278935734
56302.48027972801
56300.87398784875
56299.36523532232
56297.8657432446
56296.48004662742
56295.09412884251
56293.81721020038
56292.54481429605
56291.395570689994
56290.24318811503
56289.20372774952
56288.1599282785
56287.24520138849
56286.33790756582
56285.545648678104
56284.75421879904
56284.09680009968
56283.44085202321
56282.8802952005
56282.31717794466
56281.91751300782
56281.46385836343
56281.15718322114
56280.82820765208
56280.291340708165
56279.12834573346
56278.05501496509
56276.97532393037
56275.98021487488
56274.998819180684
56274.09111949195
56273.215503016385
56272.40539609244
56271.63686760883
56270.912273692134
56270.233689986955
56269.590194903656
56269.01353126847
56268.467365211436
56267.99435905801
56267.54749816368
56267.18667237345
56266.83574036488
56266.57988004347
56266.33902515616
56266.20925181234
56266.0670224874
56266.03433137748
56265.998264417205
56266.08390410592
56266.000853381374
56266.026055418355
56266.03875788393
56266.03015840671
56266.00917471077
56266.02649164528
56266.00450532164
56266.02801819859
56266.00831410502
56266.02741741249
56266.0040903745
56266.027936554536
56266.008226857775
56265.43949664157
56264.752128832595
56263.386651327724
56261.75963348977
56260.22357538177
56258.665428628774
56257.209454904376
56255.735496966874
56254.346698071735
56252.94657113823
56251.65919638817
56250.36338614313
56249.154570153405
56247.947308808005
56246.8359730786
56245.73049412579
56244.70256593238
56243.69039013349
56242.76066599102
56241.870050886115
56241.05605599073
56240.2875939623
56239.58231982309
56238.934865712516
56238.34631705142
56237.820351388225
56237.35271184579
56236.969879319426
56236.63605425747
56236.38913631799
56236.0593215644
56235.836230636894
56235.535272516965
56235.32480092334
56235.05347681102
56234.867774425686
56234.61262293103
56234.4484692744
56234.223141931245
56234.08965225732
56233.87769965688
56233.75461880387
56233.583322169674
56233.502152938236
56233.33629907348
56233.25907378924
56233.19206024113
