58225.82498577433
58228.34461532812
58227.56870542374
58209.732090404876
58187.59382046351
58164.10050377353
58141.702823855834
58119.342667187666
58096.579913473564
58074.74482614246
58052.536761284835
58030.692751401315
58009.36795668818
57988.56884605603
57968.29629780451
57948.54343536047
57929.33978697557
57910.69448087727
57892.597026617295
57875.04965071385
57857.31652325186
57840.14481740853
57823.52731185266
57807.46746033946
57791.256017413616
57775.68797002057
57760.116437660836
57744.062763450245
57727.85742916324
57712.19288754379
57697.074599950865
57683.66929996161
57669.38546789018
57655.14580140402
57639.343876256135
57624.085438658454
57609.35946707173
57595.163369316855
57581.48833338231
57569.54166646988
57556.5843322972
57544.00149351683
57529.46931995812
57515.755133315404
57502.30953656829
57489.41546695792
57477.37851178492
57465.268421816174
57453.36611318959
57441.927421727036
57433.11405931484
57422.360243899035
57410.48219976372
57398.78769561277
57387.99232627419
57376.41343068135
57363.796579334914
57352.099343989874
57339.61907497077
57326.05133506196
57312.988313983355
57299.27697711639
57285.70218200945
57272.79680619762
57259.66562624377
57246.89800183553
57233.78635687355
57220.46754920435
57207.79466601456
57195.76334215131
57183.35012350946
57170.12883636479
57157.55391972487
57145.63526678915
57134.44681454533
57123.50742296063
57113.65485821605
57102.72325097215
57092.44009722039
57082.12623012846
57074.1689751496
57064.98992582982
57054.12411591037
57043.62365834145
57033.36428863057
57023.68069880915
57013.68028140112
57005.36006932704
56995.90403506821
56987.47153178538
56978.383219669115
56969.62496263764
56961.8240659551
56952.48520328538
56943.699855206585
56935.61923003069
56927.74303714892
56917.68599295887
56907.89150095873
56897.665721993486
56886.86797887985
56875.59574194898
56864.97439692552
56855.02383871579
56845.68432165176
56837.68246435983
56829.0699350705
56818.886507199735
56807.7858283273
56796.68292402783
56786.046624075796
56773.98905552294
56764.34911661217
56754.048993827746
56743.09512532141
56732.39378500609
56721.153265077715
56709.7463677855
56697.965951742495
56685.86517469216
56674.75982620623
56664.110135926225
56651.77559031765
56635.1813664145
56619.8018776309
56604.453977095916
56589.70839392547
56573.38252093624
56558.50595114752
56543.28906972039
56529.14174588694
56514.12139600515
56499.81054175523
56485.43335702432
56471.00336362353
56457.2185251049
56444.084801226294
56432.431980155285
56421.007758666405
56409.451262726485
56396.79985975468
56383.740936868504
56370.12857200865
56355.682939408696
56342.22193471735
56327.75087504614
56313.6953623993
56299.30090851964
56286.8661502387
56273.66016077796
56259.91700768982
56246.33217820992
56232.52694015942
56219.874344907796
56205.502811996485
56191.95642674075
56178.15161166633
56164.898585719246
56153.98686364417
56139.44920322904
56126.053608976974
56111.481677790354
56097.67721101942
56083.89577907565
56071.53501383725
56059.11998092919
56047.284008461334
56033.77593869005
56019.504258035005
56005.05490759781
55991.648021463145
55978.417265296484
55965.869986992504
55952.52410138315
55939.821336464935
55927.38092416797
55914.8865904648
55901.75930881991
55889.29800112324
55877.84422493328
55867.24638280559
55856.64186568086
55846.76544846747
55837.32703623182
55827.142686783984
55817.92413858826
55808.959030404825
55799.811130280075
55791.984368038175
55783.302983737
55775.25205346163
55766.19606740025
55757.95245079115
55750.80981479354
55745.31467351864
55740.98343722569
55736.23452905424
55729.62220672662
55721.27308891625
55712.406705590336
55705.84482274484
55697.72454278238
55688.57626598202
55677.942459440186
55669.679384463714
55659.11836178175
55650.40502077924
55641.14855641482
55632.33147142614
55622.446120411674
55612.10546928615
55601.78310099528
55591.32236652591
55581.08022109868
55570.653515964594
55560.580927034134
55550.96986223066
55542.14549970133
55533.259592614006
55523.10483004911
55513.88535590666
55504.078685120905
55493.92727637416
55484.49395425371
55476.396613906254
55468.12511300143
55461.5429108953
55454.19909937724
55447.00609577724
55436.48531547646
55426.10596520215
55413.89458696386
55401.757825030814
55390.62747161124
55379.07886527453
55369.03224371707
55358.958542841625
55349.71411070232
55340.32447156454
55331.980418898944
55323.13335910534
55315.81323516264
55307.08564485868
55298.09474695573
55289.04251172899
55280.512889535676
55272.86368016508
55265.01788659765
55256.50470981631
55248.077774060395
55241.250466438825
55233.80494822966
55227.308175662685
55219.57106908153
55212.903721293456
55206.274989370504
55198.95918358805
55190.35784824436
55183.701825139055
55176.58634038847
55170.00136640313
55161.99764053832
55154.1257839305
55145.766408065094
55138.52337338237
55130.342454829384
55121.78560331466
55111.936945011934
55102.81600919627
55094.05590485237
55085.40624861769
55076.38980527588
55067.64977285593
55058.82342217836
55050.67560307943
55042.68501647911
55035.315907022676
55027.84934816175
55021.301303864784
55014.93580004498
55008.421712327734
54997.93528685363
54989.75357615313
54982.58552634918
54975.21296919246
54965.226052283964
54956.48043928734
54948.38524570944
54938.80194632339
54929.835823791465
54921.799319916776
54913.83343373059
54905.64888571275
54898.23776127032
54891.91070351031
54886.22243986326
54880.82734498786
54875.52877942034
54869.83890994301
54865.256200727476
54859.84690267442
54853.858249692574
54846.865694139895
54840.71896716514
54834.71258468404
54831.563526065765
54825.68011764138
54819.622047216304
54812.79725818643
54805.77299675922
54798.8832621445
54791.43520816658
54784.0043426708
54776.27824469081
54769.70350202111
54762.39814779242
54754.87809716959
54745.946449842166
54738.50048807774
54730.75641880616
54723.74401182266
54716.32442964202
54710.561845757016
54705.44896585945
54698.50384827553
54692.67629022932
54686.86896315383
54681.7958546812
54673.445412278976
54664.212909294816
54654.68804566508
54645.7478994498
54636.594882088604
54628.33161309919
54621.4134830141
54613.773575317224
54605.88066459862
54597.490720707465
54588.53719438287
54579.48096936232
54570.15804683888
54561.198137032254
54553.100345757
54543.80602049626
54533.94583270619
54524.12263959437
54515.47870314298
54507.28355292494
54499.85013930283
54492.8874040227
54486.389859163246
54481.49032128378
54475.693125000515
54469.09354848832
54463.525302127186
54455.67436070757
54448.55460258046
54441.09216640797
54434.66471546361
54427.09702654383
54419.602230940574
54412.3703090541
54405.21792940149
54396.80707960953
54389.44246014355
54383.56279325019
54377.22446911398
54369.96390443425
54363.730664036906
54356.51125052405
54349.681960430105
54343.129338486586
54337.97854242805
54332.63999906642
54328.64858062095
54322.065180549725
54315.43110073548
54310.334451184026
54304.235556488886
54298.38048250697
54293.35832531909
54287.28286865134
54281.09606885165
54275.245413651035
54269.7425499199
54264.40519361034
54260.34793636991
54255.10728429557
54251.35965773651
54246.182824125106
54241.5509458791
54235.55155827361
54229.49736403205
54222.922005572815
54215.72105419993
54209.38510112909
54203.1811946068
54197.24419393449
54191.39688294401
54186.42242510484
54182.241855916036
54177.96099186362
54173.67379080332
54168.36964827637
54162.00239940065
54157.42223154452
54149.909125147664
54140.853464364875
54132.39444239217
54124.67075902027
54117.66616736151
54111.557668070476
54104.31676143678
54097.45182002976
54091.69297374833
54085.389571779146
54079.5188158234
54073.95118106023
54068.193371769536
54062.19739508707
54055.28525785486
54049.13698709935
54043.2658484678
54037.15226939955
54030.99456190376
54025.6009822241
54022.64301436492
54017.06726246166
54010.099092745644
54002.065957156374
53995.02604808954
53986.88921853669
53979.891427044335
53971.09898174196
53962.286457113565
53953.62606077523
53944.38762877608
53935.90761486954
53928.10635924712
53920.73171875215
53913.19541110121
53906.25265531211
53899.33097837748
53892.37576608822
53885.32867390091
53878.61972363617
53873.24835604746
53868.35671579111
53862.70075959002
53856.514924695846
53849.83164225195
53842.9686774828
53836.63847696748
53831.28369929611
53823.526942870056
53816.531704653105
53808.34193995286
53799.82359090103
53792.543919747426
53785.594860242774
53778.83291330531
53771.83658404309
53764.55645247003
53758.94204210193
53752.87879055541
53747.4328585059
53741.15496569231
53735.61201959289
53731.123955631156
53727.900592473015
53724.741318029606
53720.05343722379
53716.29038682472
53711.59596025094
53705.82711020211
53700.00176210423
53695.0027839963
53690.4181618341
53685.589321355284
53681.54697359634
53678.159309449045
53674.98438932246
53669.48335002025
53664.54006993515
53657.84679470827
53652.2674669497
53646.10530893766
53639.56090957779
53633.939611867645
53627.53543126638
53620.95564418083
53613.90776964008
53607.706355072965
53602.482776123994
53597.41102645199
53593.95496445549
53590.81085040744
53586.038031474454
53581.15157702331
53576.18289883963
