58346.897466309296
58346.83092042751
58324.9379657735
58296.5019646897
58268.27672208659
58239.9001173222
58212.06849662639
58184.443218462766
58157.35454331777
58129.30360646813
58100.417438252596
58072.08758169516
58043.645687549884
58016.12230466275
57987.463458603015
57959.40832655483
57931.63042516013
57904.15401690489
57877.31346146929
57850.969561683305
57825.08528747699
57799.90043769596
57775.406669873664
57751.17245324589
57727.55919081035
57704.21890589506
57681.22703283826
57658.93975137492
57636.90446535056
57615.537252643764
57594.87059557478
57574.75599667977
57555.211872507505
57536.17241027527
57517.964863519315
57499.05720327816
57480.64599131385
57463.48693193382
57445.01100993379
57425.63011060274
57406.68552474409
57386.23285362493
57366.20122666495
57346.951870931436
57327.90641342484
57309.617190333374
57292.097982104766
57274.42371633335
57256.262271825675
57238.26149389181
57221.02550589492
57204.54903780781
57188.45388503516
57173.11423240382
57158.48880732444
57144.630945123376
57131.538416755706
57119.22204005494
57107.36419006134
57096.1154064474
57084.978183780586
57074.061999714315
57062.643172621836
57051.049273452365
57039.90924612543
57028.06887090537
57016.954420828675
57006.47924809074
56994.87151815058
56983.2839005857
56970.94893062174
56958.27988418599
56946.37319165788
56934.17809515268
56921.17946355392
56908.97759352715
56897.508308367425
56886.398935835154
56875.4900165234
56866.108450408254
56852.80865915615
56839.01860961338
56825.728159463586
56811.92962875497
56798.826977743185
56785.886170133956
56773.872945968586
56761.567575192224
56750.10689979353
56739.36607591503
56729.27771324469
56719.35543465987
56710.1580742562
56701.56402218494
56692.00428878181
56682.558825990236
56672.29173757631
56662.164086052886
56651.88051421696
56641.749814536175
56631.75263964695
56622.2792622859
56613.15309484408
56604.3665970311
56596.384244149536
56588.14809924456
56580.50044805899
56572.85280314303
56565.91522552884
56558.96200660788
56552.73018082355
56546.936556332636
56539.62021027762
56532.07872579212
56525.19726901591
56518.65932341239
56512.60171522269
56506.48336271157
56500.92450902205
56495.59591303511
56490.69696424532
56485.761902389364
56481.44613501608
56477.095341388136
56473.18439570755
56469.22871500351
56464.55091822544
56460.03712066759
56455.7973074724
56451.53731115369
56447.71286946831
56443.910593294895
56440.638043650935
56436.7569262256
56433.081738087225
56429.56778345418
56426.37113477248
56423.31885980966
56420.37874960614
56417.589317492246
56415.11945544024
56412.78245171347
56410.653902079124
56408.74377544451
56406.55081360283
56404.51829011286
56400.00370212329
56393.31433947989
56386.855034538174
56380.48394677928
56374.4538781666
56368.51880722559
56362.99758512708
56357.538014179045
56352.35886076068
56347.305758563474
56342.296125426044
56337.567347853015
56332.405824965776
56326.30850040289
56320.900960070554
56315.235581913264
56310.024226387184
56305.00960446324
56300.56461252271
56296.32018603784
56292.41841009933
56288.63573328617
56285.243490619854
56281.964365541346
56279.12503363768
56276.06615813163
56273.87225681628
56269.803513613755
56266.231756531015
56260.936418203586
56255.21214147575
56249.378482622385
56244.130166325296
56238.20281644171
56232.89826874817
56227.67936154408
56222.73279389513
56217.65334017274
56213.18903712233
56208.85650342837
56204.835955772265
56200.77249445195
56197.36481660803
56193.8967272325
56190.85293307631
56187.965309530366
56184.700867575186
56181.49020356224
56178.52151399579
56175.292274724656
56172.99410989668
56169.52320008442
56166.4360656351
56163.270975496154
56159.949250866914
56156.43460970044
56153.3991308577
56150.35892282951
56147.91865002236
56145.49496985748
56143.59541987129
56141.5288637059
56139.946109606026
56137.86606479989
56136.314185086885
56134.58890685713
56133.27261353188
56131.85970464267
56130.986424615345
56129.85444390043
56129.40292598226
56128.80036356603
56128.572519047
56128.1404255895
56127.963335588094
56127.47926450086
56127.32555515481
56126.75535259841
56126.73632213485
56126.64227027654
56126.60298655078
56126.40359615692
56126.53278980919
56126.108068148955
56125.950645666824
56125.50402286125
56125.3685210221
56125.181462553155
56125.220428002714
56125.12749910244
56125.2076829929
56124.72617471211
56124.43197108789
56124.01398350287
56124.060893178495
56124.11964611642
56124.09165551115
56123.8835491818
56124.0138959147
56124.08719736985
56124.09151902373
56123.86616841421
56124.03169426067
56124.06875008569
56124.09437816466
56123.93883344265
56123.95075530726
56123.90659676537
56123.85173791001
56123.60269744662
56123.75948516092
56123.810970977764
56123.85173791001
56123.60269744662
56123.75948516092
56123.810970977764
56123.85173791001
56123.60269744662
56123.75948516092
56123.810970977764
56123.85173791001
56123.60269744662
56123.75948516092
56123.810970977764
56123.85173791001
56123.60269744662
56123.54572622366
56122.99553643733
56122.44746370199
56121.684885143935
56120.7155794875
56118.508413280615
56116.36667963886
56114.02714314914
56112.1328126945
56110.19896014975
56108.33143236088
56106.275363301764
56104.681729514894
56103.06218712609
56101.52145130293
56099.79930850754
56098.24910711131
56096.39137846505
56094.59716612862
56092.60519359432
56091.02131065185
56089.30459123152
56087.64935633428
56085.73100475302
56083.72536122954
56081.19886859499
56078.708390370106
56076.010858124944
56073.752005905764
56071.40015857771
56069.101465274
56066.60096918431
56064.546452919654
56062.404072472935
56060.32549870135
56058.061359929874
56056.26497570703
56054.381520979055
56052.55831360358
56050.54779747335
56049.00017517703
56047.38162329109
56045.84166279865
56044.12552895698
56042.87927959683
56041.565394714075
56040.32915043409
56038.90838932801
56037.95519569705
56036.9298398507
56035.98375908821
56034.859236262244
56034.20867635152
56033.48497651136
56032.82832617909
56031.99395713052
56031.62037934921
56031.16548145744
56030.59753034108
56029.851818823394
56029.57900684798
56029.249152843826
56028.97086292177
56028.28336758305
56028.06802828382
56027.778891203496
56027.58229036252
56027.22196419254
56027.18231095696
56027.09399618518
56026.97671659876
56026.70381704595
56026.92477127132
56026.93678264572
56027.03637068933
56026.48968330402
56026.4395266764
56026.18023064033
56026.02532842942
56025.64069175773
56025.74735315815
56025.63930791787
56025.62901605349
56025.37894975376
56025.61604472184
56025.62989447312
56025.53503691527
56025.19912230186
56025.34921300763
56025.283286861784
56025.31779131507
56025.12124307451
56025.36993306433
56024.03098633396
56022.55340035914
56020.86058155745
56019.724043458395
56018.37894019535
56017.1857563095
56015.705311943784
56014.77994205945
56013.62824927875
56012.49985021
56011.16000961061
56010.3809060317
56009.36857035921
56008.50810495136
56007.32802072464
56006.709151067655
56005.88977126096
56005.1211875928
56004.138710283114
56003.68793333746
56003.04354669567
56002.45972006674
56001.66252317978
56001.39157008704
56000.92494099925
56000.51777918735
55999.8962711792
55999.79942244439
55999.50346056149
55998.796099674786
55997.63998924764
55997.021691504495
55996.27368624109
55995.59426072898
55994.80583363787
55994.552391798396
55994.202443727
55993.32888212992
55992.34788439017
55991.90393357069
55991.33286072827
55990.8364770174
55990.24128030531
55990.17923997914
55989.984080893184
55989.843822123476
55989.584357329855
55989.86590227119
55989.89413616658
55989.64281714305
55989.21073440768
55989.319813099944
55989.17673822416
55989.103079635235
55988.85722995871
55989.15925607841
55989.03179173198
55988.98510258398
55988.76557958541
55988.98753229153
55988.967678679976
55989.001754019766
55988.66786869014
55988.86872628683
55988.81637687275
55988.83775558277
55988.60376899292
55988.82714728687
55988.797275905476
55988.74304567238
55988.50407562711
55988.80526268227
55988.770178198945
55988.676704823614
55988.398446393425
55988.654913664686
55988.669575883294
55988.670419998685
55988.31618568642
55988.4968470776
55988.4244744233
55988.42602301407
55988.19125830047
55988.4968470776
55988.4244744233
55988.42602301407
55988.19125830047
55988.4968470776
55988.4244744233
55988.42602301407
55988.19125830047
55988.4968470776
55988.4244744233
55988.42602301407
55988.19125830047
55988.4968470776
55988.4244744233
55988.42602301407
55988.19125830047
55988.4968470776
55988.4244744233
55988.42602301407
55988.19125830047
55988.4968470776
55988.4244744233
55988.42602301407
55988.19125830047
55988.4968470776
55988.4244744233
55988.42602301407
55988.19125830047
55988.4968470776
55988.4244744233
55988.42602301407
55988.19125830047
55988.4968470776
55988.4244744233
55988.42602301407
55988.19125830047
55988.4968470776
55988.4244744233
55988.42602301407
55988.19125830047
55988.4968470776
55988.4244744233
55988.42602301407
55988.19125830047
55988.4968470776
55988.4244744233
55988.42602301407
55988.19125830047
55988.4968470776
55988.4244744233
55988.42602301407
55988.19125830047
