0.03359748988268004	0.5359950548525332
0.5359950548525332	0.966193231260459
0.966193231260459	0.07304180267155722
0.07304180267155722	0.5979793495644232
0.5979793495644232	0.9002910834324114
0.9002910834324114	0.235698150543583
0.235698150543583	0.8312053429634589
0.8312053429634589	0.4102462276564925
0.4102462276564925	0.9870374995375029
0.9870374995375029	0.023642477253521622
0.023642477253521622	0.5201446512768172
0.5201446512768172	0.9770450508102821
0.9770450508102821	0.04716275450917215
0.04716275450917215	0.5574624190363752
0.5574624190363752	0.9475564582950661
0.9475564582950661	0.11820591621159843
0.11820591621159843	0.667003823802907
0.667003823802907	0.7867567089742351
0.7867567089742351	0.5207535040517282
0.5207535040517282	0.9766659895256485
0.9766659895256485	0.04805867825775134
0.04805867825775134	0.5588763399987338
0.5588763399987338	0.9461799566804514
0.9461799566804514	0.12156616618570354
0.12156616618570354	0.6720431409487309
0.6720431409487309	0.777042541588672
0.777042541588672	0.5443652768042876
0.5443652768042876	0.959475202107562
0.959475202107562	0.08923671700288792
0.08923671700288792	0.6230025772381284
0.6230025772381284	0.863593245673187
0.863593245673187	0.3284245788016381
0.3284245788016381	0.9331659605984979
0.9331659605984979	0.15360371968592823
0.15360371968592823	0.7192336592014197
0.7192336592014197	0.6787844660793052
0.6787844660793052	0.7638204083349585
0.7638204083349585	0.5761374362751719
0.5761374362751719	0.9276912364433998
0.9276912364433998	0.16715192476775517
0.16715192476775517	0.7386887088569397
0.7386887088569397	0.6349501528685759
0.6349501528685759	0.8441931986535647
0.8441931986535647	0.3775107011427408
0.3775107011427408	0.9706541100800096
0.9706541100800096	0.06237505367014682
0.06237505367014682	0.5813515656639257
0.5813515656639257	0.9215443153520575
0.9215443153520575	0.18244487914716684
0.18244487914716684	0.7602327435838742
0.7602327435838742	0.5846661068991804
0.5846661068991804	0.9175189578119745
0.9175189578119745	0.19250753355383834
0.19250753355383834	0.7741598269714585
0.7741598269714585	0.5513295220612014
0.5513295220612014	0.9533423989729479
0.9533423989729479	0.10409834924453867
0.10409834924453867	0.6456934129920279
0.6456934129920279	0.8257839981013536
0.8257839981013536	0.42387096248724887
0.42387096248724887	0.9915185554930197
0.9915185554930197	0.013193941595023819
0.013193941595023819	0.5034350868925002
0.5034350868925002	0.9858031586806758
0.9858031586806758	0.026560813418187584
0.026560813418187584	0.5248045261449698
0.5248045261449698	0.9741132871941095
0.9741132871941095	0.05412577199914504
0.05412577199914504	0.5684225334292511
0.5684225334292511	0.9363135418824596
0.9363135418824596	0.14581678043954785
0.14581678043954785	0.7079057227492498
0.7079057227492498	0.7034819069734178
0.7034819069734178	0.7129541054759351
0.7129541054759351	0.6925565877085543
0.6925565877085543	0.7358865522858676
0.7358865522858676	0.6413741401259984
0.6413741401259984	0.8333183514530739
0.8333183514530739	0.4049358471312054
0.4049358471312054	0.9849083442059677
0.9849083442059677	0.028636129770239712
0.028636129770239712	0.5281093423418174
0.5281093423418174	0.9719035376294624
0.9719035376294624	0.059377936835371875
0.059377936835371875	0.5766618947991247
0.5766618947991247	0.9270977186818746
0.9270977186818746	0.1686673243203092
0.1686673243203092	0.7408318129333353
0.7408318129333353	0.6300287351452931
0.6300287351452931	0.8523378998880407
0.8523378998880407	0.356937484443418
0.356937484443418	0.9566722747077266
0.9566722747077266	0.09603511762705963
0.09603511762705963	0.6334199266323683
0.6334199266323683	0.846758071157259
0.846758071157259	0.37104276729120345
0.37104276729120345	0.9665398381147791
0.9665398381147791	0.0722136093047343
0.0722136093047343	0.5966936500851965
0.5966936500851965	0.902017007259322
0.902017007259322	0.23133359581787227
0.23133359581787227	0.8256719578006261
0.8256719578006261	0.4241638404006502
0.4241638404006502	0.9916106735703692
0.9916106735703692	0.013014865505884718
0.013014865505884718	0.5031580907141101
0.5031580907141101	0.9859161371065147
0.9859161371065147	0.026258917473038053
0.026258917473038053	0.5243168052303885
0.5243168052303885	0.974427419110979
0.974427419110979	0.05337951554868442
0.05337951554868442	0.5672493374778834
0.5672493374778834	0.9375768553551711
0.9375768553551711	0.14273749922779005
0.14273749922779005	0.7034177443737767
0.7034177443737767	0.713117665958814
0.713117665958814	0.6921908333721929
0.6921908333721929	0.7366563456729496
0.7366563456729496	0.6396307933540301
0.6396307933540301	0.8362873359519937
0.8362873359519937	0.3974639200798399
0.3974639200798399	0.9815620627815114
0.9815620627815114	0.03653033495512807
0.03653033495512807	0.5406444704349882
0.5406444704349882	0.9625458606178114
0.9625458606178114	0.08181343566428195
0.08181343566428195	0.6115639117339553
0.6115639117339553	0.8810388953944875
0.8810388953944875	0.2842522774586805
0.2842522774586805	0.8887981389661751
0.8887981389661751	0.2646547233878088
0.2646547233878088	0.8665241370268213
0.8665241370268213	0.3210014671925454
0.3210014671925454	0.9263326142845822
0.9263326142845822	0.17054503386175887
0.17054503386175887	0.7434980712520312
0.7434980712520312	0.6238686397689174
0.6238686397689174	0.8622072886523194
0.8622072886523194	0.33192034528460296
0.33192034528460296	0.93628901859949
0.93628901859949	0.1459080249747985
0.1459080249747985	0.7080306686417034
0.7080306686417034	0.7032134030843699
0.7032134030843699	0.7135394559558644
0.7135394559558644	0.6913077856749766
0.6913077856749766	0.7384874272199099
0.7384874272199099	0.6354049553538934
0.6354049553538934	0.843435047420337
0.843435047420337	0.3794337215824738
0.3794337215824738	0.9718299618492962
0.9718299618492962	0.0595977235015343
0.0595977235015343	0.5770044702461274
0.5770044702461274	0.9266928773871785
0.9266928773871785	0.16963270944367953
0.16963270944367953	0.7422242070006327
0.7422242070006327	0.6268467201502602
0.6268467201502602	0.8574782123783329
0.8574782123783329	0.3439207443040362
0.3439207443040362	0.9464913901287667
0.9464913901287667	0.12081452478891237
0.12081452478891237	0.6709294532772256
0.6709294532772256	0.7792209885988172
0.7792209885988172	0.5390777319467697
0.5390777319467697	0.9638015257405691
0.9638015257405691	0.07880529570815482
0.07880529570815482	0.6069077705465632
0.6069077705465632	0.887830791789469
0.887830791789469	0.2671290461057687
0.2671290461057687	0.869412431859582
0.869412431859582	0.3136758959724947
0.3136758959724947	0.9193419984117516
0.9193419984117516	0.18793998762198535
0.18793998762198535	0.7678654748689429
0.7678654748689429	0.5664622987861533
0.5664622987861533	0.9384209221182086
0.9384209221182086	0.14066613033719613
0.14066613033719613	0.7003594637920447
0.7003594637920447	0.7195789101972009
0.7195789101972009	0.6780238387046462
0.6780238387046462	0.7653235700667574
0.7653235700667574	0.5725408024671907
0.5725408024671907	0.9317759859972119
0.9317759859972119	0.15703448229648825
0.15703448229648825	0.7242029557361889
0.7242029557361889	0.6677733475019114
0.6677733475019114	0.7852719527173018
0.7852719527173018	0.5243658312329865
0.5243658312329865	0.9744023133308368
0.9744023133308368	0.053444713002288195
0.053444713002288195	0.5673524930725697
0.5673524930725697	0.9374632428836867
0.9374632428836867	0.14298818588646453
0.14298818588646453	0.7037571908249308
0.7037571908249308	0.7123724132690341
0.7123724132690341	0.6938375584988234
0.6938375584988234	0.733233284093231
0.733233284093231	0.6474026168912089
0.6474026168912089	0.8227930474770478
0.8227930474770478	0.4313990781665677
0.4313990781665677	0.9933755310314303
0.9933755310314303	0.008925476943756885
0.008925476943756885	0.4965871162129641
0.4965871162129641	0.9885869806224675
0.9885869806224675	0.02001570612388297
0.02001570612388297	0.5143559591406834
0.5143559591406834	0.9803808894841123
0.9803808894841123	0.039274742529424776
0.039274742529424776	0.5449976940729326
0.5449976940729326	0.958931484554034
0.958931484554034	0.09053894360112484
0.09053894360112484	0.6250022690345683
0.6250022690345683	0.8604415312296583
0.8604415312296583	0.3364333589298073
0.3364333589298073	0.9402275159201848
0.9402275159201848	0.13621789213713073
0.13621789213713073	0.6938172354372791
0.6938172354372791	0.7332807427922208
0.7332807427922208	0.647300194643416
0.647300194643416	0.8229829298265473
0.8229829298265473	0.43093194832170356
0.43093194832170356	0.9932700147614667
0.9932700147614667	0.009159396731733617
0.009159396731733617	0.496962054586829
0.496962054586829	0.9884446285444902
0.9884446285444902	0.020345685047779567
0.020345685047779567	0.5148829275801251
0.5148829275801251	0.9800927671747091
0.9800927671747091	0.03996118008305734
0.03996118008305734	0.5460846178332299
0.5460846178332299	0.9579994694087866
0.9579994694087866	0.09278908847635677
0.09278908847635677	0.6284488361730146
0.6284488361730146	0.8548861167421101
0.8548861167421101	0.3504562685884035
0.3504562685884035	0.9517182571673659
0.9517182571673659	0.10804989052472247
0.10804989052472247	0.6516879843899986
0.6516879843899986	0.8151515405003216
0.8151515405003216	0.45053502811608553
0.45053502811608553	0.995905169778701
0.995905169778701	0.003044608954488864
0.003044608954488864	0.487136209847679
0.487136209847679	0.9917246875627637
0.9917246875627637	0.012750692932885834
0.012750692932885834	0.5027340706832459
0.5027340706832459	0.9861009175751769
0.9861009175751769	0.02582743249012727
0.02582743249012727	0.5236285260955066
0.5236285260955066	0.9748703665002101
0.9748703665002101	0.052326800588913
0.052326800588913	0.5655943529979772
0.5655943529979772	0.9393300335493917
0.9393300335493917	0.13841564583519986
0.13841564583519986	0.6970453554016941
0.6970453554016941	0.7265462002091811
0.7265462002091811	0.6625117369703645
0.6625117369703645	0.7952605778807461
0.7952605778807461	0.4998783162674587
0.4998783162674587	0.9872985033904138
0.9872985033904138	0.023025574693422004
0.023025574693422004	0.5191680964906149
0.5191680964906149	0.9776352591106326
0.9776352591106326	0.04577051131605695
0.04577051131605695	0.555265064345825
0.555265064345825	0.9496700170515393
0.9496700170515393	0.11303942584583634
0.11303942584583634	0.6592363527026908
0.6592363527026908	0.8013485114044203
0.8013485114044203	0.48482381237822936
0.48482381237822936	0.9923530635735972
0.9923530635735972	0.011282265371595747
0.011282265371595747	0.5003794196941215
0.5003794196941215	0.987105081520887
0.987105081520887	0.02349672086037669
0.02349672086037669	0.5199099848252549
0.5199099848252549	0.9771793372792308
0.9771793372792308	0.04683804181729701
0.04683804181729701	0.5569510447218707
0.5569510447218707	0.9480564698153181
0.9480564698153181	0.11697992138947959
0.11697992138947959	0.6651673846282206
0.6651673846282206	0.790244754194061
0.790244754194061	0.5122018881448753
0.5122018881448753	0.9815539509252389
0.9815539509252389	0.03652918781628076
0.03652918781628076	0.5406494220124102
0.5406494220124102	0.9625490019546747
0.9625490019546747	0.08181485397407263
0.08181485397407263	0.6115579744238592
0.6115579744238592	0.8810370865881969
0.8810370865881969	0.2842610330639491
0.2842610330639491	0.8888189571194165
0.8888189571194165	0.2646246058124386
0.2646246058124386	0.8664889471315405
0.8664889471315405	0.3210812153193067
0.3210812153193067	0.9264076042578123
0.9264076042578123	0.17034664660503807
0.17034664660503807	0.743224949245063
0.743224949245063	0.6245226325557982
0.6245226325557982	0.8611858620194779
0.8611858620194779	0.33452662397776384
0.33452662397776384	0.9385784301150568
0.9385784301150568	0.14027512095370534
0.14027512095370534	0.6997877139626121
0.6997877139626121	0.7207949739759371
0.7207949739759371	0.6753439753158901
0.6753439753158901	0.7706012849500224
0.7706012849500224	0.5599110404320103
0.5599110404320103	0.9451550709857546
0.9451550709857546	0.12408150493750202
0.12408150493750202	0.6757941603913596
0.6757941603913596	0.7697103839077957
0.7697103839077957	0.5620448778337289
0.5620448778337289	0.9430110938841268
0.9430110938841268	0.12938361465729323
0.12938361465729323	0.6836838001692267
0.6836838001692267	0.7540069901195854
0.7540069901195854	0.5993689435821508
0.5993689435821508	0.8983705452568149
0.8983705452568149	0.24050664767850313
0.24050664767850313	0.8372728654565629
0.8372728654565629	0.39499309965762824
0.39499309965762824	0.980356506502852
0.980356506502852	0.03934141021281984
0.03934141021281984	0.5450998440607645
0.5450998440607645	0.9588555140588153
0.9588555140588153	0.09074793418394532
0.09074793418394532	0.6253111044011841
0.6253111044011841	0.8599176431576203
0.8599176431576203	0.33771741311769227
0.33771741311769227	0.9413064092629921
0.9413064092629921	0.13352742100669893
0.13352742100669893	0.6898277408155263
0.6898277408155263	0.7415092214185535
0.7415092214185535	0.628469374055012
0.628469374055012	0.8548626862981393
0.8548626862981393	0.3505597090293364
0.3505597090293364	0.9517979672054512
0.9517979672054512	0.10786337363488954
0.10786337363488954	0.6514202474664489
0.6514202474664489	0.815627832864495
0.815627832864495	0.44930301771474773
0.44930301771474773	0.9958380615179137
0.9958380615179137	0.0032000100679026107
0.0032000100679026107	0.4873815558988905
0.4873815558988905	0.9916399295390669
0.9916399295390669	0.012921004330749964
0.012921004330749964	0.5029952297934509
0.5029952297934509	0.9859987563986181
0.9859987563986181	0.026103790123510304
0.026103790123510304	0.5240739291298634
0.5240739291298634	0.974580765612519
0.974580765612519	0.05300348651914402
0.05300348651914402	0.5666584214888063
0.5666584214888063	0.9381933030521659
0.9381933030521659	0.14118218135159305
0.14118218135159305	0.7011248547866632
0.7011248547866632	0.7179720607372323
0.7179720607372323	0.681566582146461
0.681566582146461	0.758253322795017
0.758253322795017	0.589353203431394
0.589353203431394	0.9116474403451638
0.9116474403451638	0.20718439647585082
0.20718439647585082	0.7940776358591793
0.7940776358591793	0.5028158214937413
0.5028158214937413	0.9860669968099676
0.9860669968099676	0.02590916142431547
0.02590916142431547	0.523759630239414
0.523759630239414	0.974783644176997
0.974783644176997	0.052526493198685256
0.052526493198685256	0.5659083021948816
0.5659083021948816	0.9389944108715601
0.9389944108715601	0.1392311583513494
0.1392311583513494	0.6982539914146866
0.6982539914146866	0.7240202750142593
0.7240202750142593	0.6681578414681868
0.6681578414681868	0.7845261109008004
0.7845261109008004	0.5261715915533566
0.5261715915533566	0.973220029935869
0.973220029935869	0.05626807179023022
0.05626807179023022	0.5717856923781395
0.5717856923781395	0.9326161963576074
0.9326161963576074	0.15495096589836796
0.15495096589836796	0.7211798703190405
0.7211798703190405	0.6744647199181112
0.6744647199181112	0.7723139423727986
0.7723139423727986	0.5557720484915816
0.5557720484915816	0.9491862215070775
0.9491862215070775	0.1142219493441575
0.1142219493441575	0.6610134027230696
0.6610134027230696	0.7980394664909273
0.7980394664909273	0.4929997682617605
0.4929997682617605	0.9898913999680478
0.9898913999680478	0.01702010515285814
0.01702010515285814	0.5095654977445737
0.5095654977445737	0.9828975863240474
0.9828975863240474	0.033347316148347905
0.033347316148347905	0.5355944785957396
0.5355944785957396	0.9665030281197138
0.9665030281197138	0.07230980996679982
0.07230980996679982	0.596836346189839
0.596836346189839	0.9018244981760954
0.9018244981760954	0.23185644726856333
0.23185644726856333	0.8263429224937576
0.8263429224937576	0.42247917174689775
0.42247917174689775	0.9911270886198731
0.9911270886198731	0.014099435273525626
0.014099435273525626	0.5048897381830969
0.5048897381830969	0.9851452626365218
0.9851452626365218	0.02809361829589006
0.02809361829589006	0.5272370815470623
0.5272370815470623	0.9724988173627628
0.9724988173627628	0.05796634553147848
0.05796634553147848	0.5744491134059546
0.5744491134059546	0.929621887869588
0.929621887869588	0.16237302716736002
0.16237302716736002	0.7318612220413022
0.7318612220413022	0.6505352517964674
0.6505352517964674	0.8172111972897466
0.8172111972897466	0.4453518681852921
0.4453518681852921	0.995530955796334
0.995530955796334	0.003917195457905022
0.003917195457905022	0.48854013295308857
0.48854013295308857	0.991297869230277
0.991297869230277	0.013704766454092536
0.013704766454092536	0.5042553601611929
0.5042553601611929	0.9854358330382976
0.9854358330382976	0.027420934183073283
0.027420934183073283	0.5261736916129721
0.5261736916129721	0.9732148781294645
0.9732148781294645	0.056259920281496185
0.056259920281496185	0.5717735777216651
0.5717735777216651	0.9326358246808868
0.9326358246808868	0.15490867769982988
0.15490867769982988	0.7211092721910372
0.7211092721910372	0.6746196168483362
0.6746196168483362	0.7720208008250192
0.7720208008250192	0.5564876526755939
0.5564876526755939	0.9485103606637881
0.9485103606637881	0.11589648087769065
0.11589648087769065	0.6635360881030101
0.6635360881030101	0.7933236221000043
0.7933236221000043	0.5046592513978887
0.5046592513978887	0.9852437898067374
0.9852437898067374	0.027831394390473514
0.027831394390473514	0.5268238780468621
0.5268238780468621	0.9727766700644785
0.9727766700644785	0.057317715306223656
0.057317715306223656	0.5734317589051107
0.5734317589051107	0.9307872258391651
0.9307872258391651	0.1595048331573392
0.1595048331573392	0.7277317286565562
0.7277317286565562	0.6598452132208312
0.6598452132208312	0.8002417982538872
0.8002417982538872	0.48758107288119873
0.48758107288119873	0.9915928912772979
0.9915928912772979	0.013045439002164648
0.013045439002164648	0.5032059606142643
0.5032059606142643	0.9858929845248854
0.9858929845248854	0.026312360896963895
0.026312360896963895	0.5244013602530018
0.5244013602530018	0.974376176900995
0.974376176900995	0.05350879506683525
0.05350879506683525	0.5674525814085324
0.5674525814085324	0.9373643542750546
0.9373643542750546	0.14327135963768653
0.14327135963768653	0.7041989874868387
0.7041989874868387	0.7114504658533028
0.7114504658533028	0.6958200559484516
0.6958200559484516	0.7291164609242972
0.7291164609242972	0.6567245867049906
0.6567245867049906	0.8059960884899409
0.8059960884899409	0.4732999111674352
0.4732999111674352	0.9947478219450175
0.9947478219450175	0.005721204763628398
0.005721204763628398	0.49143585063350187
0.49143585063350187	0.9904058256566926
0.9904058256566926	0.01580959125955521
0.01580959125955521	0.5076232007887062
0.5076232007887062	0.9838515824646131
0.9838515824646131	0.031103414972109045
0.031103414972109045	0.5320355935778116
0.5320355935778116	0.9691544169837338
0.9691544169837338	0.06597133686132153
0.06597133686132153	0.586966345052037
0.586966345052037	0.9146543924266044
0.9146543924266044	0.19964504556422702
0.19964504556422702	0.7839018707821364
0.7839018707821364	0.5276901294470083
0.5276901294470083	0.972196120133645
0.972196120133645	0.05870938109763847
0.05870938109763847	0.5756131179557495
0.5756131179557495	0.9282925873043322
0.9282925873043322	0.16566133492156238
0.16566133492156238	0.7365590144733621
0.7365590144733621	0.6398254882004265
0.6398254882004265	0.8359581940370754
0.8359581940370754	0.3982766104517876
0.3982766104517876	0.9819349604399963
0.9819349604399963	0.035604002771439096
0.035604002771439096	0.5391780967340165
0.5391780967340165	0.9637321743184498
0.9637321743184498	0.0789949858980404
0.0789949858980404	0.6072083585899254
0.6072083585899254	0.8873792064103054
0.8873792064103054	0.268245702169337
0.268245702169337	0.8707117553379858
0.8707117553379858	0.31042041537482906
0.31042041537482906	0.9161470100523145
0.9161470100523145	0.19590850748168628
0.19590850748168628	0.7788175726638245
0.7788175726638245	0.5400750065015035
0.5400750065015035	0.9630065714716338
0.9630065714716338	0.0807050560613252
0.0807050560613252	0.6098429229875894
0.6098429229875894	0.8835585131433347
0.8835585131433347	0.2778870156868629
0.2778870156868629	0.8817282595996344
0.8817282595996344	0.2825525492403405
0.2825525492403405	0.8869114862402386
0.8869114862402386	0.26940912105298137
0.26940912105298137	0.8720595888563403
0.8720595888563403	0.3069807323658146
0.3069807323658146	0.912721076182108
0.912721076182108	0.20447484072573352
0.20447484072573352	0.7904355302851548
0.7904355302851548	0.511739920678527
0.511739920678527	0.9817872322348724
0.9817872322348724	0.03596290830181296
0.03596290830181296	0.5397494056671559
0.5397494056671559	0.9632704906473256
0.9632704906473256	0.08008181580154428
0.08008181580154428	0.6088847267982714
0.6088847267982714	0.8849452437942172
0.8849452437942172	0.2743802725305436
0.2743802725305436	0.8777535600959591
0.8777535600959591	0.2925630187636834
0.2925630187636834	0.8977986587123332
0.8977986587123332	0.2419672024047445
0.2419672024047445	0.8390701063356943
0.8390701063356943	0.3904211258561349
0.3904211258561349	0.9780350505401884
0.9780350505401884	0.04485876176601074
0.04485876176601074	0.553824852403106
0.553824852403106	0.9510492910308851
0.9510492910308851	0.1097062442895369
0.1097062442895369	0.6541877746834368
0.6541877746834368	0.8106126254925468
0.8106126254925468	0.4618136389069958
0.4618136389069958	0.9959295940386131
0.9959295940386131	0.0030150384145645245
0.0030150384145645245	0.48709145843591606
0.48709145843591606	0.9917219714579232
0.9917219714579232	0.01272129075677103
0.01272129075677103	0.5026811617595499
0.5026811617595499	0.9861205992705071
0.9861205992705071	0.025789630761652686
0.025789630761652686	0.523571029386502
0.523571029386502	0.974926099153147
0.974926099153147	0.05223041939557703
0.05223041939557703	0.5654439187183641
0.5654439187183641	0.9394985294855832
0.9394985294855832	0.13799172088794373
0.13799172088794373	0.6964286049403897
0.6964286049403897	0.7278541715747467
0.7278541715747467	0.6595951901997585
0.6595951901997585	0.8006893374148093
0.8006893374148093	0.48647199962372906
0.48647199962372906	0.9918933060176023
0.9918933060176023	0.012320404440960041
0.012320404440960041	0.5020351658856148
0.5020351658856148	0.9864034564857225
0.9864034564857225	0.02513380404039215
0.02513380404039215	0.5225295657666358
0.5225295657666358	0.9755764552728351
0.9755764552728351	0.050659857039746334
0.050659857039746334	0.5629719539732557
0.5629719539732557	0.9420508566248724
0.9420508566248724	0.13171531799490546
0.13171531799490546	0.6871453072163484
0.6871453072163484	0.7469930995506271
0.7469930995506271	0.6157718447660986
0.6157718447660986	0.8747441570733991
0.8747441570733991	0.3001937876846021
0.3001937876846021	0.9058168733252876
0.9058168733252876	0.22181995767374957
0.22181995767374957	0.81341276116235
0.81341276116235	0.45485837924012007
0.45485837924012007	0.9960416005531425
0.9960416005531425	0.0027279489076902494
0.0027279489076902494	0.4866202672975164
0.4866202672975164	0.9918717957252626
0.9918717957252626	0.01241576772459922
0.01241576772459922	0.5021956746669366
0.5021956746669366	0.9863369664339637
0.9863369664339637	0.02528108075948045
0.02528108075948045	0.5227579123244817
0.5227579123244817	0.975420054769818
0.975420054769818	0.05101350504978186
0.05101350504978186	0.563528189461274
0.563528189461274	0.9414771748301903
0.9414771748301903	0.1331102194686746
0.1331102194686746	0.6892249089791078
0.6892249089791078	0.7427626931213385
0.7427626931213385	0.6255983462363846
0.6255983462363846	0.8594810512380533
0.8594810512380533	0.33886962146860133
0.33886962146860133	0.9422881565475716
0.9422881565475716	0.1311303432217728
0.1311303432217728	0.6863006229744673
0.6863006229744673	0.7487372548661996
0.7487372548661996	0.6117114993253112
0.6117114993253112	0.8808160916251616
0.8808160916251616	0.2848529917933837
0.2848529917933837	0.8894506373035267
0.8894506373035267	0.26301301733283583
0.26301301733283583	0.8645999741422169
0.8645999741422169	0.3259009630400129
0.3259009630400129	0.9308728643964923
0.9308728643964923	0.15926822815771446
0.15926822815771446	0.7274130186218488
0.7274130186218488	0.6605660297691682
0.6605660297691682	0.798873215804229
0.798873215804229	0.49094462227872554
0.49094462227872554	0.9905554427214746
0.9905554427214746	0.015433952629337068
0.015433952629337068	0.5070283141609515
0.5070283141609515	0.984156524801609
0.984156524801609	0.03042847020205689
0.03042847020205689	0.530954659037696
0.530954659037696	0.9699100214674877
0.9699100214674877	0.06414074267400995
0.06414074267400995	0.5841142476359679
0.5841142476359679	0.9182125633722509
0.9182125633722509	0.19077271861901032
0.19077271861901032	0.7717744612647264
0.7717744612647264	0.5570830159850337
0.5570830159850337	0.9479377840864861
0.9479377840864861	0.11730534279951854
0.11730534279951854	0.6656492329935745
0.6656492329935745	0.789314203332866
0.789314203332866	0.5144680330672073
0.5144680330672073	0.9803192406101913
0.9803192406101913	0.03942001707852945
0.03942001707852945	0.5452279658831072
0.5452279658831072	0.9587360002533727
0.9587360002533727	0.09101133325837796
0.09101133325837796	0.625725776597393
0.625725776597393	0.8592819380871238
0.8592819380871238	0.33936798733319656
0.33936798733319656	0.9427158980163314
0.9427158980163314	0.13009503803742561
0.13009503803742561	0.6847509745046912
0.6847509745046912	0.7518588066603339
0.7518588066603339	0.6044153713484698
0.6044153713484698	0.8913650673290591
0.8913650673290591	0.2581787134642236
0.2581787134642236	0.8588607723454575
0.8588607723454575	0.3404096051424686
0.3404096051424686	0.9435814739737901
0.9435814739737901	0.12793687943065782
0.12793687943065782	0.6815507092016418
0.6815507092016418	0.7583081692732611
0.7583081692732611	0.589228947581453
0.589228947581453	0.911783151901117
0.911783151901117	0.20682099683285982
0.20682099683285982	0.7935811330522501
0.7935811330522501	0.5039859352857844
0.5039859352857844	0.9855629137441769
0.9855629137441769	0.027134770451593015
0.027134770451593015	0.5257190770627256
0.5257190770627256	0.9735120124864148
0.9735120124864148	0.055552228281559334
0.055552228281559334	0.5706635066529626
0.5706635066529626	0.9338733486495786
0.9338733486495786	0.1518472894515952
0.1518472894515952	0.716690373035648
0.716690373035648	0.6843911660178142
0.6843911660178142	0.7525824231013888
0.7525824231013888	0.6027156249457983
0.6027156249457983	0.8937455822459235
0.8937455822459235	0.25216413330346527
0.25216413330346527	0.8516272874562165
0.8516272874562165	0.3587123978065453
0.3587123978065453	0.957985585801657
0.957985585801657	0.09286781102158559
0.09286781102158559	0.6285598939412025
0.6285598939412025	0.8547148850136272
0.8547148850136272	0.3509303094929175
0.3509303094929175	0.952087209455195
0.952087209455195	0.10716613488426012
0.10716613488426012	0.6503646726238136
0.6503646726238136	0.8175225433969606
0.8175225433969606	0.44457621440023914
0.44457621440023914	0.995450273241759
0.995450273241759	0.0040964210930588135
0.0040964210930588135	0.4888275289006386
0.4888275289006386	0.9912130092279
0.9912130092279	0.013905531291764904
0.013905531291764904	0.5045763999143839
0.5045763999143839	0.9852957155290651
0.9852957155290651	0.027760260336867203
0.027760260336867203	0.5267162919610238
0.5267162919610238	0.9728514570453385
0.9728514570453385	0.05712000891481773
0.05712000891481773	0.5731228088636182
0.5731228088636182	0.9311290220376204
0.9311290220376204	0.1586400782647972
0.1586400782647972	0.7265031785919427
0.7265031785919427	0.6625960114077022
0.6625960114077022	0.7950764107583282
0.7950764107583282	0.5003086736256004
0.5003086736256004	0.9871403772422903
0.9871403772422903	0.023431626231136857
0.023431626231136857	0.5198091380705866
0.5198091380705866	0.9772411922813661
0.9772411922813661	0.04670422393074316
0.04670422393074316	0.5567377765686506
0.5567377765686506	0.9482753935989443
0.9482753935989443	0.11646131975382529
0.11646131975382529	0.6643966992450916
0.6643966992450916	0.7917066461848693
0.7917066461848693	0.5086042263765496
0.5086042263765496	0.9833873354933466
0.9833873354933466	0.03220739898030461
0.03220739898030461	0.5337869888627048
0.5337869888627048	0.9678566692073333
0.9678566692073333	0.0690587827863602
0.0690587827863602	0.5917784509298739
0.5917784509298739	0.9085040589501956
0.9085040589501956	0.21504443921114108
0.21504443921114108	0.8045257488388327
0.8045257488388327	0.476968213300963
0.476968213300963	0.9941205878463459
0.9941205878463459	0.007177841945344647
0.007177841945344647	0.49378524021542436
0.49378524021542436	0.9896050425343761
0.9896050425343761	0.017648915234408
0.017648915234408	0.5105701932631941
0.5105701932631941	0.9824036218127787
0.9824036218127787	0.0345366885418401
0.0345366885418401	0.537488591085338
0.537488591085338	0.9650509220192445
0.9650509220192445	0.07577945940213471
0.07577945940213471	0.6022247719386309
0.6022247719386309	0.8944409367709268
0.8944409367709268	0.2504467926207344
0.2504467926207344	0.8495266317501955
0.8495266317501955	0.3640091001353692
0.3640091001353692	0.9617724103780765
0.9617724103780765	0.08369000620631092
0.08369000620631092	0.6144558065458811
0.6144558065458811	0.8767168619599239
0.8767168619599239	0.2951972763974663
0.2951972763974663	0.9005903850703464
0.9005903850703464	0.23494278177694594
0.23494278177694594	0.8302545679894231
0.8302545679894231	0.4126378372542294
0.4126378372542294	0.9879301119354905
0.9879301119354905	0.021551567053403373
0.021551567053403373	0.5168132449977172
0.5168132449977172	0.9790052241621661
0.9790052241621661	0.04252628020901995
0.04252628020901995	0.5501393067237212
0.5501393067237212	0.9544266454071266
0.9544266454071266	0.10145427303785841
0.10145427303785841	0.6416849088144483
0.6416849088144483	0.8327714219738173
0.8327714219738173	0.4063241008924923
0.4063241008924923	0.9855028767338294
0.9855028767338294	0.027272771499762108
0.027272771499762108	0.5259394153293241
0.5259394153293241	0.9733675820017827
0.9733675820017827	0.055895001982250545
0.055895001982250545	0.5712013054292325
0.5712013054292325	0.9332765206296962
0.9332765206296962	0.15332702611476
0.15332702611476	0.7188232825928069
0.7188232825928069	0.6796807954230005
0.6796807954230005	0.7620214667030917
0.7620214667030917	0.5804107623432642
0.5804107623432642	0.9226777268296319
0.9226777268296319	0.17963956031612188
0.17963956031612188	0.7563121526843685
0.7563121526843685	0.5939538535395019
0.5939538535395019	0.9056703852622444
0.9056703852622444	0.22216473895032876
0.22216473895032876	0.8138514792402336
0.8138514792402336	0.45376660949696257
0.45376660949696257	0.9960328838786502
0.9960328838786502	0.0027660697657440536
0.0027660697657440536	0.4866915815993704
0.4866915815993704	0.9918372490351255
0.9918372490351255	0.012458500688275398
0.012458500688275398	0.5022604560485326
0.5022604560485326	0.9863013264484322
0.9863013264484322	0.02536345744469899
0.02536345744469899	0.5228906519257125
0.5228906519257125	0.9753594563027556
0.9753594563027556	0.051201048018945754
0.051201048018945754	0.563824551978606
0.563824551978606	0.9411918448671039
0.9411918448671039	0.13384216160628035
0.13384216160628035	0.6903216306042745
0.6903216306042745	0.7405235763317176
0.7405235763317176	0.6307344298984376
0.6307344298984376	0.8511686785289103
0.8511686785289103	0.35987234095332565
0.35987234095332565	0.9588060023632499
0.9588060023632499	0.09083957566322963
0.09083957566322963	0.6254660066238807
0.6254660066238807	0.8597018641914096
0.8597018641914096	0.3382830575437139
0.3382830575437139	0.9418039495110779
0.9418039495110779	0.1323354744872021
0.1323354744872021	0.6880782737620875
0.6880782737620875	0.745104237926569
0.745104237926569	0.6201585675932791
0.6201585675932791	0.8680280195866047
0.8680280195866047	0.317221127973254
0.317221127973254	0.9227678955145658
0.9227678955145658	0.17943523480354664
0.17943523480354664	0.7560277852846813
0.7560277852846813	0.594603396542323
0.594603396542323	0.9048049059341867
0.9048049059341867	0.22434747492661186
0.22434747492661186	0.8166965810136827
0.8166965810136827	0.4466631320096769
0.4466631320096769	0.9956442532717664
0.9956442532717664	0.003650356711969314
0.003650356711969314	0.48810715299983787
0.48810715299983787	0.9914408343505566
0.9914408343505566	0.013406152501546928
0.013406152501546928	0.50378363507361
0.50378363507361	0.9856389736929144
0.9856389736929144	0.026906400948816966
0.026906400948816966	0.5253492788803567
0.5253492788803567	0.9737551896581669
0.9737551896581669	0.054981035084820634
0.054981035084820634	0.569765197513174
0.569765197513174	0.9348592847141426
0.9348592847141426	0.14945167818530863
0.14945167818530863	0.7131960626304223
0.7131960626304223	0.6920166937421202
0.6920166937421202	0.737015880087092
0.737015880087092	0.6388213740179767
0.6388213740179767	0.8376756204081288
0.8376756204081288	0.3939549115552812
0.3939549115552812	0.97984582037344
0.97984582037344	0.04055885715543535
0.04055885715543535	0.5470286568879837
0.5470286568879837	0.9571843494009334
0.9571843494009334	0.09477990541132364
0.09477990541132364	0.6315011138438752
0.6315011138438752	0.8499228176597645
0.8499228176597645	0.3630364852802524
0.3630364852802524	0.9610746607046062
0.9610746607046062	0.08535461387769087
0.08535461387769087	0.6170233679988129
0.6170233679988129	0.8728354173625078
0.8728354173625078	0.3050190741496672
0.3050190741496672	0.9107417609804432
0.9107417609804432	0.20943138252851864
0.20943138252851864	0.797069051279568
0.797069051279568	0.4953986672628239
0.4953986672628239	0.9890419503959081
0.9890419503959081	0.018987274250662746
0.018987274250662746	0.5127180521499461
0.5127180521499461	0.981276209783744
0.981276209783744	0.037175999951329086
0.037175999951329086	0.5416750024582447
0.5416750024582447	0.9617190913282229
0.9617190913282229	0.0838256570373216
0.0838256570373216	0.6146651986204728
0.6146651986204728	0.8764287513038894
0.8764287513038894	0.29594865853051006
0.29594865853051006	0.9013790696965421
0.9013790696965421	0.23294514220765197
0.23294514220765197	0.8277143594962639
0.8277143594962639	0.4190260082774751
0.4190260082774751	0.9901006771037274
0.9901006771037274	0.016514911691420685
0.016514911691420685	0.5087576168099479
0.5087576168099479	0.9833046287257019
0.9833046287257019	0.03240105793686045
0.03240105793686045	0.5340910512233522
0.5340910512233522	0.9676276370236281
0.9676276370236281	0.06960066580703454
0.06960066580703454	0.5926246774862525
0.5926246774862525	0.9073994931397396
0.9073994931397396	0.21782328497664968
0.21782328497664968	0.8081902819415896
0.8081902819415896	0.4678853363384244
0.4678853363384244	0.9954461743066936
0.9954461743066936	0.004097876481919859
0.004097876481919859	0.48882498646940187
0.48882498646940187	0.9912250227329635
0.9912250227329635	0.013907927490824987
0.013907927490824987	0.5045763143205584
0.5045763143205584	0.9852841147860915
0.9852841147860915	0.027752492012024576
0.027752492012024576	0.5267008678633358
0.5267008678633358	0.9728543614541231
0.9728543614541231	0.057118783823279
0.057118783823279	0.5731221498371106
0.5731221498371106	0.9311554065562809
0.9311554065562809	0.15861179674161688
0.15861179674161688	0.7264522531416474
0.7264522531416474	0.6627014477347247
0.6627014477347247	0.7948856841126385
0.7948856841126385	0.5008089508076925
0.5008089508076925	0.9869280480319942
0.9869280480319942	0.023909395149096842
0.023909395149096842	0.5205690736032103
0.5205690736032103	0.9767784764941166
0.9767784764941166	0.04779124655864745
0.04779124655864745	0.5584547156527249
0.5584547156527249	0.9465944093699707
0.9465944093699707	0.1205513252822001
0.1205513252822001	0.6705277009141543
0.6705277009141543	0.7799870820527885
0.7799870820527885	0.5372319466965414
0.5372319466965414	0.9652552365117176
0.9652552365117176	0.07533008791741021
0.07533008791741021	0.6015227199730954
0.6015227199730954	0.8954122331716468
0.8954122331716468	0.24796029422661972
0.24796029422661972	0.8464947374823713
0.8464947374823713	0.3716830803896203
0.3716830803896203	0.9669560206950568
0.9669560206950568	0.07120963441656203
0.07120963441656203	0.5951248361731587
0.5951248361731587	0.9041060131335139
0.9041060131335139	0.22609155137043313
0.22609155137043313	0.81893661091031
0.81893661091031	0.4410482398603891
0.4410482398603891	0.9950380007403006
0.9950380007403006	0.005057121887019553
0.005057121887019553	0.4903774513680088
0.4903774513680088	0.9907347057192158
0.9907347057192158	0.015012708617221992
0.015012708617221992	0.5063543956514398
0.5063543956514398	0.9844695803114817
0.9844695803114817	0.029678187199809178
0.029678187199809178	0.5297610348430647
0.5297610348430647	0.9707559365297984
0.9707559365297984	0.06212598507896672
0.06212598507896672	0.5809605120591296
0.5809605120591296	0.9220405684813356
0.9220405684813356	0.18123949671772513
0.18123949671772513	0.7585554877211022
0.7585554877211022	0.5886380798123445
0.5886380798123445	0.9125487957902442
0.9125487957902442	0.20491218548231313
0.20491218548231313	0.7910274393249471
0.7910274393249471	0.5103006503265973
0.5103006503265973	0.9825238086191225
0.9825238086191225	0.03422089171724061
0.03422089171724061	0.5369819721895034
0.5369819721895034	0.965446177268937
0.965446177268937	0.07486489982368717
0.07486489982368717	0.6008013946139444
0.6008013946139444	0.8964114287547442
0.8964114287547442	0.24544792540609944
0.24544792540609944	0.8433965965315946
0.8433965965315946	0.37950960415248486
0.37950960415248486	0.9718606641849956
0.9718606641849956	0.0594861106623054
0.0594861106623054	0.576829988477599
0.576829988477599	0.9268915694539233
0.9268915694539233	0.16915055298587095
0.16915055298587095	0.7415295253658958
0.7415295253658958	0.6284258184258227
0.6284258184258227	0.8549338678624588
0.8549338678624588	0.3503286376311268
0.3503286376311268	0.9516234531780274
0.9516234531780274	0.1082933728352763
0.1082933728352763	0.6520525983398987
0.6520525983398987	0.8144832229986402
0.8144832229986402	0.45219566830905716
0.45219566830905716	0.9959852604059881
0.9959852604059881	0.002873091573385333
0.002873091573385333	0.48686473831267024
0.48686473831267024	0.991789879808177
0.991789879808177	0.01257082304169603
0.01257082304169603	0.502441311862258
0.502441311862258	0.9862233788632239
0.9862233788632239	0.025545881049294065
0.025545881049294065	0.5231771347504469
0.5231771347504469	0.9751743307999878
0.9751743307999878	0.05163873569277977
0.05163873569277977	0.5645126158525363
0.5645126158525363	0.9404809615326956
0.9404809615326956	0.13559164023209522
0.13559164023209522	0.692897596441303
0.692897596441303	0.7351922256091664
0.7351922256091664	0.6429487364217557
0.6429487364217557	0.8305850326438092
0.8305850326438092	0.4118017499476258
0.4118017499476258	0.9876251812638768
0.9876251812638768	0.02226988762433718
0.02226988762433718	0.5179626069536608
0.5179626069536608	0.9783430179730072
0.9783430179730072	0.04408412205020999
0.04408412205020999	0.5526020400286158
0.5526020400286158	0.9521699239271896
0.9521699239271896	0.1069495516816386
0.1069495516816386	0.6500222397701881
0.6500222397701881	0.8181282139118659
0.8181282139118659	0.4430583010595224
0.4430583010595224	0.9952806903264256
0.9952806903264256	0.004480059454422164
0.004480059454422164	0.48944004480112757
0.48944004480112757	0.991040817341763
0.991040817341763	0.014341885499716009
0.014341885499716009	0.505271987844875
0.505271987844875	0.9849646737321345
0.9849646737321345	0.02849841613991165
0.02849841613991165	0.5278892689412499
0.5278892689412499	0.9720530410523577
0.9720530410523577	0.05902534389997367
0.05902534389997367	0.5761099956140878
0.5761099956140878	0.927737308215182
0.927737308215182	0.16707407615454675
0.16707407615454675	0.7385747723290593
0.7385747723290593	0.6352382282203599
0.6352382282203599	0.8437259732347401
0.8437259732347401	0.3786716949385719
0.3786716949385719	0.971354804012166
0.971354804012166	0.06068798773082045
0.06068798773082045	0.5787114714587958
0.5787114714587958	0.9247017238385182
0.9247017238385182	0.1746174825236366
0.1746174825236366	0.749270018958409
0.749270018958409	0.6104956187047811
0.6104956187047811	0.8826136690374347
0.8826136690374347	0.2802891952357108
0.2802891952357108	0.8844103814154946
0.8844103814154946	0.2757372640729035
0.2757372640729035	0.8792918850255876
0.8792918850255876	0.28868062080439527
0.28868062080439527	0.8936135563769453
0.8936135563769453	0.2524968701099776
0.2524968701099776	0.8520380730049849
0.8520380730049849	0.3577024270809175
0.3577024270809175	0.9572396697493839
0.9572396697493839	0.09466398415184397
0.09466398415184397	0.6313276159462902
0.6313276159462902	0.8502261676761539
0.8502261676761539	0.3622856934866194
0.3622856934866194	0.9605434652370997
0.9605434652370997	0.0866399744402031
0.0866399744402031	0.6190024702529273
0.6190024702529273	0.8698170363195127
0.8698170363195127	0.31269303035537704
0.31269303035537704	0.9183797628845856
0.9183797628845856	0.19034265712054743
0.19034265712054743	0.7711856426347586
0.7711856426347586	0.558534700214024
0.558534700214024	0.9465150989696912
0.9465150989696912	0.12076715972947848
0.12076715972947848	0.6708372039974488
0.6708372039974488	0.7793851096800647
0.7793851096800647	0.5387177094448582
0.5387177094448582	0.9640855244372412
0.9640855244372412	0.07810816398415568
0.07810816398415568	0.6058330562872631
0.6058330562872631	0.8893400953598474
0.8893400953598474	0.2632854706022256
0.2632854706022256	0.8649195302067929
0.8649195302067929	0.3250805344557298
0.3250805344557298	0.9301272194923667
0.9301272194923667	0.16112440827004568
0.16112440827004568	0.7300826213786404
0.7300826213786404	0.6545661270966914
0.6545661270966914	0.8099367321582773
0.8099367321582773	0.46352606714274747
0.46352606714274747	0.9958176615738532
0.9958176615738532	0.003243244218702517
0.003243244218702517	0.4874495339852253
0.4874495339852253	0.9916243994605602
0.9916243994605602	0.012967485309628988
0.012967485309628988	0.503068480203184
0.503068480203184	0.9859617412115347
0.9859617412115347	0.026176372922788627
0.026176372922788627	0.5241885997746175
0.5241885997746175	0.9745051053223011
0.9745051053223011	0.05318121092605266
0.05318121092605266	0.5669376823606022
0.5669376823606022	0.9378963764527278
0.9378963764527278	0.14191776516497345
0.14191776516497345	0.7022052859306577
0.7022052859306577	0.7156935816823241
0.7156935816823241	0.6865963421931839
0.6865963421931839	0.7481189771515921
0.7481189771515921	0.6131679411911584
0.6131679411911584	0.8786516688916703
0.8786516688916703	0.29029255082621064
0.29029255082621064	0.8953630843527722
0.8953630843527722	0.24808914795493273
0.24808914795493273	0.846656434901896
0.846656434901896	0.37128355340302827
0.37128355340302827	0.9666956905703179
0.9666956905703179	0.07183979477759508
0.07183979477759508	0.5961035493174894
0.5961035493174894	0.9028075320870452
0.9028075320870452	0.22934693091184527
0.22934693091184527	0.8231466534322007
0.8231466534322007	0.4305258883285768
0.4305258883285768	0.9931788443748456
0.9931788443748456	0.009365703553739836
0.009365703553739836	0.4972931879166609
0.4972931879166609	0.9883183653220423
0.9883183653220423	0.020639834447461633
0.020639834447461633	0.515353033623652
0.515353033623652	0.9798328327475739
0.9798328327475739	0.040579433540080714
0.040579433540080714	0.5470634658299404
0.5470634658299404	0.9571519891937788
0.9571519891937788	0.09484159313130021
0.09484159313130021	0.6315868556509557
0.6315868556509557	0.8497587844425029
0.8497587844425029	0.36342017566964707
0.36342017566964707	0.9613606174614736
0.9613606174614736	0.08469020946016437
0.08469020946016437	0.6159952279592312
0.6159952279592312	0.8743961101594698
0.8743961101594698	0.30106343998167984
0.30106343998167984	0.9067021464713786
0.9067021464713786	0.2195615214442939
0.2195615214442939	0.8104516825076113
0.8104516825076113	0.46221667864943905
0.46221667864943905	0.9959041217374629
0.9959041217374629	0.003062499927149777
0.003062499927149777	0.4871630809465333
0.4871630809465333	0.9916988876576707
0.9916988876576707	0.012773116664723127
0.012773116664723127	0.5027603811565599
0.5027603811565599	0.986095745272405
0.986095745272405	0.025866872616953494
0.025866872616953494	0.5236981169718323
0.5236981169718323	0.9748292295444938
0.9748292295444938	0.052424579000618365
0.052424579000618365	0.5657484876126361
0.5657484876126361	0.939159563670921
0.939159563670921	0.13880303315542605
0.13880303315542605	0.6976325053431008
0.6976325053431008	0.725330244875718
0.725330244875718	0.6652230772189589
0.6652230772189589	0.7901362650862959
0.7901362650862959	0.5124750611965581
0.5124750611965581	0.9814019706821294
0.9814019706821294	0.03687340992544598
0.03687340992544598	0.5411944780754827
0.5411944780754827	0.962109586001559
0.962109586001559	0.08288690916220122
0.08288690916220122	0.6132125697658576
0.6132125697658576	0.8785913395456821
0.8785913395456821	0.2904744082103476
0.2904744082103476	0.8955563067811487
0.8955563067811487	0.2476080282745718
0.2476080282745718	0.8460511641462983
0.8460511641462983	0.37280052766422883
0.37280052766422883	0.9676834000506911
0.9676834000506911	0.06947746223596744
0.06947746223596744	0.5924342041433622
0.5924342041433622	0.9076563980641273
0.9076563980641273	0.21719559878556274
0.21719559878556274	0.8073503473864748
0.8073503473864748	0.46994973562736825
0.46994973562736825	0.9952116193140028
0.9952116193140028	0.004644253586975845
0.004644253586975845	0.48970282075073834
0.48970282075073834	0.9909626441806967
0.9909626441806967	0.014530990115139595
0.014530990115139595	0.5055739611876385
0.5055739611876385	0.9848231755445795
0.9848231755445795	0.0288224356713387
0.0288224356713387	0.5284043915915201
0.5284043915915201	0.9717022179509627
0.9717022179509627	0.059869185853447915
0.059869185853447915	0.5774317500721452
0.5774317500721452	0.9261974805856384
0.9261974805856384	0.17087941426463424
0.17087941426463424	0.743972795994466
0.743972795994466	0.6227696388406733
0.6227696388406733	0.863940409910682
0.863940409910682	0.32752814209028064
0.32752814209028064	0.932371933501847
0.932371933501847	0.15560166428769895
0.15560166428769895	0.7221239658527985
0.7221239658527985	0.6723884439201936
0.6723884439201936	0.7763841269114284
0.7763841269114284	0.5459759638765426
0.5459759638765426	0.9580969949292256
0.9580969949292256	0.09257616841410551
0.09257616841410551	0.6281185671520783
0.6281185671520783	0.8554293903355761
0.8554293903355761	0.3490858456589279
0.3490858456589279	0.9506551229500555
0.9506551229500555	0.1106876413583361
0.1106876413583361	0.6556714765939842
0.6556714765939842	0.807907122189085
0.807907122189085	0.46855020817487464
0.46855020817487464	0.9953898656952493
0.9953898656952493	0.0042600488294821295
0.0042600488294821295	0.48909534513059827
0.48909534513059827	0.9911313371333534
0.9911313371333534	0.014089343747947234
0.014089343747947234	0.504874763410806
0.504874763410806	0.9851492557811872
0.9851492557811872	0.02807432191125281
0.02807432191125281	0.5272069469705999
0.5272069469705999	0.9725205598434383
0.9725205598434383	0.05792161901451495
0.05792161901451495	0.574378825086117
0.574378825086117	0.9297003595313579
0.9297003595313579	0.16217671768241054
0.16217671768241054	0.7315756591020381
0.7315756591020381	0.6511734774932456
0.6511734774932456	0.8160605745282564
0.8160605745282564	0.4482233407188927
0.4482233407188927	0.9957746420386168
0.9957746420386168	0.003363008848897353
0.003363008848897353	0.48764799961846395
0.48764799961846395	0.9915594868586302
0.9915594868586302	0.01309556946146937
0.01309556946146937	0.5032784454248252
0.5032784454248252	0.9858673969325771
0.9858673969325771	0.02640007375798325
0.02640007375798325	0.5245492080030875
0.5245492080030875	0.9742837838710194
0.9742837838710194	0.05372763883103418
0.05372763883103418	0.5677971648539327
0.5677971648539327	0.9369886649211292
0.9369886649211292	0.14415421705021747
0.14415421705021747	0.7054706922049361
0.7054706922049361	0.7087164637259414
0.7087164637259414	0.701759000258987
0.701759000258987	0.7166148818760117
0.7166148818760117	0.68454705804443
0.68454705804443	0.7522795832990826
0.7522795832990826	0.6034187079129253
0.6034187079129253	0.8927681118020058
0.8927681118020058	0.2546416436188656
0.2546416436188656	0.8546153871302903
0.8546153871302903	0.3511369935929385
0.3511369935929385	0.9522563226585985
0.9522563226585985	0.10675417119679656
0.10675417119679656	0.6497292704519859
0.6497292704519859	0.8186552170748681
0.8186552170748681	0.44177470804403907
0.44177470804403907	0.9951409891919945
0.9951409891919945	0.004840519699923612
0.004840519699923612	0.4900303942527817
0.4900303942527817	0.9908477768086563
0.9908477768086563	0.014757109767286941
0.014757109767286941	0.505949119211819
0.505949119211819	0.9846525824086223
0.9846525824086223	0.02922076128470991
0.02922076128470991	0.5290351573340802
0.5290351573340802	0.9712741424299924
0.9712741424299924	0.0609211826862196
0.0609211826862196	0.5790801497965454
0.5790801497965454	0.924270574636589
0.924270574636589	0.17565625852313493
0.17565625852313493	0.7507224653241571
0.7507224653241571	0.6070611307454267
0.6070611307454267	0.8875861218625977
0.8875861218625977	0.267717208080008
0.267717208080008	0.8701021146875005
0.8701021146875005	0.3119693962514631
0.3119693962514631	0.9176713720951846
0.9176713720951846	0.1921061926229648
0.1921061926229648	0.7736103349617053
0.7736103349617053	0.5526907636140594
0.5526907636140594	0.9521121062993286
0.9521121062993286	0.10712948039851386
0.10712948039851386	0.6503034857826976
0.6503034857826976	0.817623960320189
0.817623960320189	0.4443258783702026
0.4443258783702026	0.9954327703218899
0.9954327703218899	0.004155006541384934
0.004155006541384934	0.48892525722891583
0.48892525722891583	0.9911821947191639
0.9911821947191639	0.01397094599116591
0.01397094599116591	0.5046840675815528
0.5046840675815528	0.9852373449429744
0.9852373449429744	0.02787409566158317
0.02787409566158317	0.5268874873328467
0.5268874873328467	0.9727358018171585
0.9727358018171585	0.05740506043531058
0.05740506043531058	0.5735691800115313
0.5735691800115313	0.9306180975767183
0.9306180975767183	0.1598971407289806
0.1598971407289806	0.7283227592444155
0.7283227592444155	0.6585361315510041
0.6585361315510041	0.8026509838682367
0.8026509838682367	0.48162458565554744
0.48162458565554744	0.9931326586180224
0.9931326586180224	0.009453808012077158
0.009453808012077158	0.49743202537555586
0.49743202537555586	0.9882748207910224
0.9882748207910224	0.020761310968759192
0.020761310968759192	0.5155429402826114
0.5155429402826114	0.9797328288793159
0.9797328288793159	0.040825486738009974
0.040825486738009974	0.547450771550471
0.547450771550471	0.9568161768709939
0.9568161768709939	0.09567241279589633
0.09567241279589633	0.6328636864804026
0.6328636864804026	0.8476754421850102
0.8476754421850102	0.3687235415695049
0.3687235415695049	0.9650014316229911
0.9650014316229911	0.07590528418672791
0.07590528418672791	0.6024180977021552
0.6024180977021552	0.8941635352011227
0.8941635352011227	0.25112644729402045
0.25112644729402045	0.8503586321049235
0.8503586321049235	0.3619037081164534
0.3619037081164534	0.9602870725837056
0.9602870725837056	0.08728769527982538
0.08728769527982538	0.6200038262064842
0.6200038262064842	0.8682739911328674
0.8682739911328674	0.3165554508958592
0.3165554508958592	0.9221236075588489
0.9221236075588489	0.181004097429055
0.181004097429055	0.758231153584306
0.758231153584306	0.5894122912773636
0.5894122912773636	0.911548282309359
0.911548282309359	0.20740971180373416
0.20740971180373416	0.794368257205495
0.794368257205495	0.502047502708981
0.502047502708981	0.9864070225411949
0.9864070225411949	0.025143443893768425
0.025143443893768425	0.5225429184729046
0.5225429184729046	0.9755588414301801
0.9755588414301801	0.05068574806319256
0.05068574806319256	0.5630124075979582
0.5630124075979582	0.9420023125123154
0.9420023125123154	0.13182154676847885
0.13182154676847885	0.687303076216451
0.687303076216451	0.7466666564837108
0.7466666564837108	0.6165267337312494
0.6165267337312494	0.8736166829123551
0.8736166829123551	0.3030757421342168
0.3030757421342168	0.9087758790535254
0.9087758790535254	0.21439867123706702
0.21439867123706702	0.8036608462772811
0.8036608462772811	0.47908888156836027
0.47908888156836027	0.9937041449872192
0.9937041449872192	0.0081503239374007
0.0081503239374007	0.4953432386452788
0.4953432386452788	0.9890515223113228
0.9890515223113228	0.018943713547293375
0.018943713547293375	0.5126425267780483
0.5126425267780483	0.9813037219512942
0.9813037219512942	0.03709008131503665
0.03709008131503665	0.5415353731986772
0.5415353731986772	0.9618269461346322
0.9618269461346322	0.0835683794399448
0.0835683794399448	0.614267295192058
0.614267295192058	0.8770028760317466
0.8770028760317466	0.29448145909634116
0.29448145909634116	0.8998322375169512
0.8998322375169512	0.23685070294836888
0.23685070294836888	0.8326574583901761
0.8326574583901761	0.4065933824108949
0.4065933824108949	0.9855907112609837
0.9855907112609837	0.0270206681404196
0.0270206681404196	0.5255319627840648
0.5255319627840648	0.9736331555616314
0.9736331555616314	0.0552677491299827
0.0552677491299827	0.570215343987424
0.570215343987424	0.9343693970125128
0.9343693970125128	0.15066255137916404
0.15066255137916404	0.7149640659243195
0.7149640659243195	0.688159270547092
0.688159270547092	0.7449200030891285
0.7449200030891285	0.6205746321515484
0.6205746321515484	0.8673764559837148
0.8673764559837148	0.31884275741408213
0.31884275741408213	0.9242974603607736
0.9242974603607736	0.17558992501502377
0.17558992501502377	0.7506356637354349
0.7506356637354349	0.607267023292522
0.607267023292522	0.8872845222532724
0.8872845222532724	0.2684700519301701
0.2684700519301701	0.8709728550270885
0.8709728550270885	0.3097329193171858
0.3097329193171858	0.9154679909684174
0.9154679909684174	0.1976134846994399
0.1976134846994399	0.7811394909557726
0.7811394909557726	0.5344318911714037
0.5344318911714037	0.9673944431474756
0.9673944431474756	0.07019730402932053
0.07019730402932053	0.5935558020450458
0.5935558020450458	0.906195304558103
0.906195304558103	0.22087108619138954
0.22087108619138954	0.8121733517685646
0.8121733517685646	0.457952758557131
0.457952758557131	0.996041658971498
0.996041658971498	0.002731063597080282
0.002731063597080282	0.4866389122294396
0.4866389122294396	0.9918620138990505
0.9918620138990505	0.012420392635856783
0.012420392635856783	0.5022023847928685
0.5022023847928685	0.9863277837137681
0.9863277837137681	0.025297487965913704
0.025297487965913704	0.5227821698077568
0.5227821698077568	0.9754136086766605
0.9754136086766605	0.051048166026535766
0.051048166026535766	0.5635830440211214
0.5635830440211214	0.9414358869287516
0.9414358869287516	0.13322982724043603
0.13322982724043603	0.6894115225732438
0.6894115225732438	0.7423919996271104
0.7423919996271104	0.6264519872977123
0.6264519872977123	0.858115535941348
0.858115535941348	0.3423069316447484
0.3423069316447484	0.9451643908811702
0.9451643908811702	0.12408105783477509
0.12408105783477509	0.675807962659346
0.675807962659346	0.7697126122666623
0.7697126122666623	0.5620693728044291
0.5620693728044291	0.9429673053667292
0.9429673053667292	0.12944749897141677
0.12944749897141677	0.6837937737155998
0.6837937737155998	0.7537983530099075
0.7537983530099075	0.5998769662708697
0.5998769662708697	0.8976907905256234
0.8976907905256234	0.24223825659751852
0.24223825659751852	0.8394282781808118
0.8394282781808118	0.38955298875646954
0.38955298875646954	0.9775521744571103
0.9775521744571103	0.04595463292340789
0.04595463292340789	0.5555563624263204
0.5555563624263204	0.9493918545720825
0.9493918545720825	0.11371802629315908
0.11371802629315908	0.6602499103243509
0.6602499103243509	0.7994584419768639
0.7994584419768639	0.48949044162306343
0.48949044162306343	0.9910152094901103
0.9910152094901103	0.014375166631033293
0.014375166631033293	0.5053280927489534
0.5053280927489534	0.9849468066260163
0.9849468066260163	0.028565285939223355
0.028565285939223355	0.5279982135810626
0.5279982135810626	0.9719825302932655
0.9719825302932655	0.05918579364595418
0.05918579364595418	0.5763604180799158
0.5763604180799158	0.9274468451638567
0.9274468451638567	0.1678068558787332
0.1678068558787332	0.7396093988068859
0.7396093988068859	0.6328421574784417
0.6328421574784417	0.847721476206542
0.847721476206542	0.36860828880274044
0.36860828880274044	0.9649200344393309
0.9649200344393309	0.07609337087960903
0.07609337087960903	0.6027113280452313
0.6027113280452313	0.8937647530401661
0.8937647530401661	0.25215753566445986
0.25215753566445986	0.8516103937317279
0.8516103937317279	0.35874727553918473
0.35874727553918473	0.957988333528063
0.957988333528063	0.09281833227902209
0.09281833227902209	0.628491948684574
0.628491948684574	0.854815652558182
0.854815652558182	0.35064059659714664
0.35064059659714664	0.9518611243679
0.9518611243679	0.10769996195920661
0.10769996195920661	0.6511607447207567
0.6511607447207567	0.816095539251316
0.816095539251316	0.4481634777879621
0.4481634777879621	0.9957585483393177
0.9957585483393177	0.0033834068310757844
0.0033834068310757844	0.4876715568208733
0.4876715568208733	0.9915746962138341
0.9915746962138341	0.0131142632998083
0.0131142632998083	0.5033100220686111
0.5033100220686111	0.9858495264044351
0.9858495264044351	0.02641818809233055
0.02641818809233055	0.5245717875632013
0.5245717875632013	0.9742588785502027
0.9742588785502027	0.05377297997117557
0.05377297997117557	0.5678676104106566
0.5678676104106566	0.9369100837684643
0.9369100837684643	0.14437443848776943
0.14437443848776943	0.7058020954068646
0.7058020954068646	0.708006917694606
0.708006917694606	0.7032600017415178
0.7032600017415178	0.7134401834480265
0.7134401834480265	0.6915363176896835
0.6915363176896835	0.7380197274451387
0.7380197274451387	0.6364752748077446
0.6364752748077446	0.8416353937994491
0.8416353937994491	0.38396973199221235
0.38396973199221235	0.9744864647688904
0.9744864647688904	0.0532510413571325
0.0532510413571325	0.5670475387261327
0.5670475387261327	0.9377971454437876
0.9377971454437876	0.14220223077843788
0.14220223077843788	0.7026243656704345
0.7026243656704345	0.714788436484949
0.714788436484949	0.6885408857046403
0.6885408857046403	0.7441428237176185
0.7441428237176185	0.6223785785795893
0.6223785785795893	0.8645564032590481
0.8645564032590481	0.32597030347839673
0.32597030347839673	0.93094721293403
0.93094721293403	0.159117532160523
0.159117532160523	0.7271759715641605
0.7271759715641605	0.661085773524852
0.661085773524852	0.7979217389764116
0.7979217389764116	0.4933075311027304
0.4933075311027304	0.9897745857120716
0.9897745857120716	0.017267246040804013
0.017267246040804013	0.5099583909091167
0.5099583909091167	0.9826960173443542
0.9826960173443542	0.03381552364829753
0.03381552364829753	0.5363370144848376
0.5363370144848376	0.9659520925675178
0.9659520925675178	0.07366281423070989
0.07366281423070989	0.5989383243981385
0.5989383243981385	0.898961078872316
0.898961078872316	0.2390255209307957
0.2390255209307957	0.8354142331020005
0.8354142331020005	0.3996812289714449
0.3996812289714449	0.9826030370661213
0.9826030370661213	0.03408041528656512
0.03408041528656512	0.5367624399991273
0.5367624399991273	0.9656066077666305
0.9656066077666305	0.07444621503400549
0.07444621503400549	0.6001601810575289
0.6001601810575289	0.8973110046639347
0.8973110046639347	0.24320905190853417
0.24320905190853417	0.8406341038396795
0.8406341038396795	0.38649782218292295
0.38649782218292295	0.9759023607648782
0.9759023607648782	0.04988377279696279
0.04988377279696279	0.5617514814660244
0.5617514814660244	0.9433093330110001
0.9433093330110001	0.12862181282795168
0.12862181282795168	0.6825603248782428
0.6825603248782428	0.7562670618124354
0.7562670618124354	0.5940315795536613
0.5940315795536613	0.9055609368878675
0.9055609368878675	0.22246034114970736
0.22246034114970736	0.814242705558567
0.814242705558567	0.4527798701446479
0.4527798701446479	0.9959959733632553
0.9959959733632553	0.002834232099500329
0.002834232099500329	0.4867876638077307
0.4867876638077307	0.9918216800579113
0.9918216800579113	0.012527644870538644
0.012527644870538644	0.5023702884701932
0.5023702884701932	0.9862619797629798
0.9862619797629798	0.025458855710325964
0.025458855710325964	0.5230420498987611
0.5230420498987611	0.9752391082974637
0.9752391082974637	0.05144006493274212
0.05144006493274212	0.5641993913348853
0.5641993913348853	0.9407792496241499
0.9407792496241499	0.13482947955042354
0.13482947955042354	0.6917557731763568
0.6917557731763568	0.737545672945211
0.737545672945211	0.6375950932935935
0.6375950932935935	0.8397666596719463
0.8397666596719463	0.38869120846514443
0.38869120846514443	0.9770942948758523
0.9770942948758523	0.04704850774407065
0.04704850774407065	0.5572809367438263
0.5572809367438263	0.9477470142940349
0.9477470142940349	0.11774236120008284
0.11774236120008284	0.6663194408128426
0.6663194408128426	0.7880580541859465
0.7880580541859465	0.5175407462469143
0.5175407462469143	0.9785910809387299
0.9785910809387299	0.04352473955532708
0.04352473955532708	0.5517208579746572
0.5517208579746572	0.9530010267345573
0.9530010267345573	0.10495150807102163
0.10495150807102163	0.6470046093814099
0.6470046093814099	0.8235036206013157
0.8235036206013157	0.4296215046207576
0.4296215046207576	0.9929775862678065
0.9929775862678065	0.009835322776784257
0.009835322776784257	0.49804887471352466
0.49804887471352466	0.9880267876038651
0.9880267876038651	0.021321049388055152
0.021321049388055152	0.5164431421106963
0.5164431421106963	0.9792177499492712
0.9792177499492712	0.042034095621254194
0.042034095621254194	0.5493651175684263
0.5493651175684263	0.9551283034246221
0.9551283034246221	0.09975274531355764
0.09975274531355764	0.6390971681552945
0.6390971681552945	0.8372280792349343
0.8372280792349343	0.39510971592366456
0.39510971592366456	0.9804118628943345
0.9804118628943345	0.03920752580237579
0.03920752580237579	0.5448874532626062
0.5448874532626062	0.9590424741153842
0.9590424741153842	0.090302661709879
0.090302661709879	0.6246299783282676
0.6246299783282676	0.860999743909277
0.860999743909277	0.334987057288868
0.334987057288868	0.9389548613629435
0.9389548613629435	0.13931024173205495
0.13931024173205495	0.6983811431708346
0.6983811431708346	0.7237630765947664
0.7237630765947664	0.6687217251180987
0.6687217251180987	0.7834488769003597
0.7834488769003597	0.5287934287370424
0.5287934287370424	0.9714432107160175
0.9714432107160175	0.06052263464145581
0.06052263464145581	0.5784538782585713
0.5784538782585713	0.9250065696293673
0.9250065696293673	0.17382834463112498
0.17382834463112498	0.748142902172231
0.748142902172231	0.6130860021511931
0.6130860021511931	0.8787783068381341
0.8787783068381341	0.2900086964822443
0.2900086964822443	0.8950712759292363
0.8950712759292363	0.2488602190854136
0.2488602190854136	0.847584824098147
0.847584824098147	0.3689267949949579
0.3689267949949579	0.9651480327452088
0.9651480327452088	0.07558436751098416
0.07558436751098416	0.6019182505342737
0.6019182505342737	0.894856068988334
0.894856068988334	0.2493604567019357
0.2493604567019357	0.8482075637670041
0.8482075637670041	0.36735874317056727
0.36735874317056727	0.9640747184758143
0.9640747184758143	0.07813955265978711
0.07813955265978711	0.6058824792018386
0.6058824792018386	0.8892703882513753
0.8892703882513753	0.2634577664929698
0.2634577664929698	0.8651213457531103
0.8651213457531103	0.3245621691008844
0.3245621691008844	0.9296551496835473
0.9296551496835473	0.16230383611479587
0.16230383611479587	0.731775080604183
0.731775080604183	0.6507557379745141
0.6507557379745141	0.8168317957191916
0.8168317957191916	0.44630341027075293
0.44630341027075293	0.9956114354941278
0.9956114354941278	0.0037182007631972446
0.0037182007631972446	0.48821552485327363
0.48821552485327363	0.9913996924319309
0.9913996924319309	0.013484815803740759
0.013484815803740759	0.5038992259765056
0.5038992259765056	0.9855947119201881
0.9855947119201881	0.027040705448487776
0.027040705448487776	0.5255675965025244
0.5255675965025244	0.9736075413852385
0.9736075413852385	0.05532166340680611
0.05532166340680611	0.5703003461334442
0.5703003461334442	0.9342730939872442
0.9342730939872442	0.15086424772923163
0.15086424772923163	0.7152731122079117
0.7152731122079117	0.6875138215743984
0.6875138215743984	0.7462481607678738
0.7462481607678738	0.6175026155251018
0.6175026155251018	0.8721083346677303
0.8721083346677303	0.3068667640476057
0.3068667640476057	0.9126059413434053
0.9126059413434053	0.20476508897111653
0.20476508897111653	0.7908279148801718
0.7908279148801718	0.5107824291434192
0.5107824291434192	0.9822794763413533
0.9822794763413533	0.03479827890693643
0.03479827890693643	0.53789960531692
0.53789960531692	0.9647309894148623
0.9647309894148623	0.07657653949796374
0.07657653949796374	0.6034658367884942
