1794.628611197978
1788.546502738849
1781.294886687823
1774.142195077509
1767.1223122898678
1763.402132972894
1756.9784723691027
1752.8131785817052
1748.9382407202052
1747.2416818825352
1742.4547089238347
1740.3258452827802
1737.2900196035087
1733.4103167489338
1730.1220873335265
1724.2162027948054
1717.2779567323475
1710.9382267826327
1707.58295225305
1702.4329034256968
1699.6519030391603
1697.0965219596926
1694.3442293609044
1689.8275251169991
1685.092588979377
1681.8892834426101
1677.7744413365185
1675.8978677781581
1672.1740217973518
1668.3442530882367
1664.182560659532
1658.9195099071994
1655.7472781323734
1649.4058361582483
1647.3447021779216
1645.6427902079633
1639.3042604515313
1637.4078792094203
1634.8274911659162
1629.742035434957
1624.3388089843359
1615.2297096247537
1610.2865671680997
1605.4543302616385
1600.9562135759575
1595.2702684610508
1591.8286707684583
1588.4320418718141
1586.437595485436
1580.8922149722614
1576.896768786687
1573.6210486536872
1567.973000151907
1565.4660267211707
1560.6902295362918
1556.5645676200795
1551.3259596846074
1547.2785900574293
1544.9716392392784
1540.7515161142053
1535.0826149731615
1528.831892138677
1526.0193802465033
1520.806245185287
1511.6048315769788
1508.3915481508968
1503.7984235545703
1499.3374471262118
1496.0487925721127
1489.848126778835
1484.198119883529
1480.7782480928174
1476.5966771106528
1473.1920943723076
1467.9990005943246
1462.218579468441
1456.7243129501385
1451.4351038460102
1445.5115404030316
1443.8428804296368
1440.748494780244
1432.318776202981
1427.0478015884962
1422.2394764191151
1413.4014139293915
1411.8219951428755
1406.2163997682464
1404.3472715657874
1398.5385822322585
1396.3605692430838
1395.033492031048
1391.737139629843
1386.8378493436653
1380.550635413776
1377.9281078037393
1374.1523829143152
1365.689363922332
1359.7440186891242
1351.662655716634
1346.8373166016029
1340.7789416186665
1334.3492080011658
1328.7460692519821
1330.2905094386215
1326.545888021373
1325.2289599349497
1318.9755600883288
1310.3226445639511
1304.4687203237902
1302.8127830442406
1296.5448359812538
1289.1045525447373
1285.7949960820756
1282.357229534774
1276.8973474013667
1273.047282006616
1265.7027129723583
1258.664312989938
1254.1220691802937
1249.6136705891201
1245.938651752104
1241.8644442361076
1235.9036559901872
1230.6399834766357
1223.149526618053
1220.663214947252
1213.1785192115049
1208.7224081559
1202.0346280501178
1198.2102046970645
1192.0231896266923
1183.5422828279693
1177.2969142387549
1177.3167496376702
1170.3534373362277
1167.5590600346106
1158.1940197242104
1155.04716735424
1151.3145677462285
1145.83408875453
1139.777993658361
1137.586418134002
1132.1981743458869
1125.4766939629187
1121.204892927285
1114.747500577702
1109.685263327313
1101.521078244908
1096.5046324768305
1093.76557356152
1088.714305767932
1084.0453998270923
1079.480142303728
1071.9985875675477
1067.764970060495
1062.4393933947563
1055.8617020523723
1052.3561701254248
1047.4428400742238
1040.672400466636
1034.4519224304904
1032.1988472750445
1028.5177502398817
1020.3088053094583
1016.2831968905083
1009.8642266813401
1008.6399368154702
1002.0479326223309
997.9390375739495
992.6393148026594
989.9704302409538
983.6403990456911
979.109862333758
974.0923346319985
973.2054519390745
967.0721575587803
959.3439103134369
957.1972191154987
950.4852874043535
949.3031456786154
944.5251756156476
938.9289900292817
934.1779682940337
932.0116899500397
927.3624570171054
925.6903296942475
918.2837215228151
913.9786143781156
908.5523691249628
905.7411512939249
902.8190730794602
896.757044117291
894.3482134061578
886.3685749637789
885.3792304342951
881.2355831215085
877.8377142915367
872.7498252119592
869.8455750133668
865.5655839985423
863.9517040684209
860.9073469144807
857.7458009572555
855.7837683051815
856.500011482783
851.0425975821216
851.6664949477694
849.3350839318857
844.8780069675306
842.9260753976847
840.3278202999267
839.6112576536998
833.9393382017117
832.0838628541642
828.2861127434546
828.4904274977897
826.1315433967296
823.6332748322467
823.1190900033358
820.0731188399253
813.7320129314822
815.9235940734472
813.7893171164819
814.6258435869729
812.0446562984972
811.8759032489544
810.783035633245
810.4892777491956
806.7178161071868
805.9219922408287
805.7380885262352
803.2527558793425
801.7414677493019
797.4606534643858
799.6676053970409
798.1797627424265
799.4384035152142
796.7038921529165
795.0611057731134
792.6766945243611
793.1238554676245
791.1869339276482
789.271752236731
788.4814835686373
788.1894578128959
786.180006453568
786.9596328806433
783.7980351753382
783.2086973648021
780.6414989719783
779.616749965661
779.9290750573741
778.1760256842446
777.2567653738483
779.0270913732406
776.8446086262904
773.7119446515595
774.229544205094
773.380152186793
770.9297465779962
771.6446450710495
769.7708130820762
770.6197058277417
768.6849318974522
768.1781982472158
766.3499251166576
766.1057711977049
764.6755182468605
764.2206963213696
764.7375989661908
762.1644297381487
763.8233865665109
762.0733032119991
760.9820548186431
759.6394496046227
758.0691009273619
758.6011028216349
755.3527860236989
755.0014058632635
752.8065745896914
755.0712425158622
752.2435771685272
752.5425525062157
750.1103999187261
750.9040506871551
748.7129573715023
750.072340473942
748.8571992317977
748.1224890043211
747.5043928877081
748.2186872383123
745.4814708632163
746.5218663697146
744.3553627288957
744.6586690664195
745.6127466180187
743.5784122867332
742.0337667263876
743.9431006642199
742.80478187972
742.3750599095072
740.3422063311181
741.2212611365015
739.7052365801533
741.0863903829343
740.0265086725472
740.0723273806221
738.7559541568387
737.3978776808787
739.2980486903012
737.6237655752943
736.3553571018945
736.8211861250262
735.746533700087
734.3104660302032
734.695220992679
735.1181360229498
734.146206490115
734.2534755479496
732.641313216101
732.9807037393649
733.1052302500091
731.8597902540283
733.3750896578605
729.6420039077926
732.1781268699052
730.7544969758424
729.9442998682091
729.5138074321691
729.3822155149907
728.8238063835763
728.4778954369563
730.1579421120088
727.5612818835999
728.6751647984895
728.3488268346689
727.560096637409
728.010470491251
726.7331465312337
726.7708507013763
727.9069835279131
726.9536999466895
725.2309175958968
725.8386953761017
726.8509749437254
727.5801492340948
724.8221012219581
723.7543148244762
725.1481921289233
725.6315601935084
723.7700351423113
723.3729327770653
722.1157236600066
724.9734391820629
722.2310049235458
721.7690000678415
723.5033064439125
720.5107319296469
721.3685561851917
721.0835400535541
720.3326231955208
720.8590556695798
722.882180084912
720.1955622319878
720.4764324547416
719.3830614597834
720.237157567566
721.00272892659
719.170203394975
720.2014974769552
720.514281616654
720.121389851472
719.7621118755198
718.805860238048
718.916833422067
718.029336371779
718.7645706017737
718.8120590752849
718.654005535912
717.8818455323203
718.5785932012693
719.1033340441443
718.1979096432774
718.3171353999714
717.9457538742364
717.7922469457217
717.0967397389712
717.6001497797591
717.3040420156123
718.0310466113984
717.9768177509951
717.3222148068543
716.6529502373392
716.3594646506124
717.2763736084693
716.524503865125
716.4030525388991
714.8308991203681
715.7391244713114
716.953764919015
716.6486106649303
716.3608369562805
715.7818017634168
716.9485507949527
715.8658440096909
716.4056378935497
717.6906638762878
716.5052515774927
715.4815726092274
716.5477754769721
715.7638428928213
715.7687279049255
715.948960269964
715.823242755828
714.6794661413002
716.5143441193034
715.2749419729582
715.0256365921406
716.0032459287781
716.1260380281994
716.8953156240901
715.8559815963913
715.0488528258028
715.4838302291615
715.7947740357342
716.866368362398
715.0968244473962
713.9648936326444
714.8848271819613
714.6697730871356
714.455882753069
714.1720154753403
713.8300265445101
714.7676967226427
712.9825504369128
715.4642925514856
713.6998079028466
714.5558316474702
713.2314497174558
716.1831118782505
713.3417090179832
713.9915223554061
712.9988408423037
715.3802181093203
713.6827494826318
713.6488390110039
712.6764025415605
714.5593802899577
714.3656481125937
712.8229662766843
713.4452024155379
712.1761395918955
713.814028301468
713.8902594900677
712.9872233224711
712.9900418623592
713.7978252043149
713.7778196940258
712.8904470593669
713.5949094989799
712.7907352947032
712.5642388416485
711.5907549078587
713.017534063137
710.9269419847324
712.9713039818256
711.6519699624096
711.7685802690603
711.5884035816413
711.8844811223528
712.1368396052345
711.7065397912396
713.0513397702924
710.6876289452981
711.1761087774827
711.4174630852488
712.4618879608132
710.5076182335379
711.4778955941775
711.5610535114852
710.8317371665016
711.0722796766601
710.4907344786404
712.4387567597536
710.8217052159825
710.5777565679231
711.2252679414775
711.2688505209551
711.4766522327216
710.2933217468586
711.4974585132969
709.7220176268011
710.5040931161594
709.9765826982099
710.4105984817002
709.8091419292246
709.4974503346751
709.217409799899
709.8545179286527
708.3935813904905
