1794.2165803869336
1790.6703113498781
1783.4409528441563
1776.5149966253553
1772.701635335415
1769.1532419354098
1765.7114175632564
1762.01109784952
1758.5542908075306
1750.2217655317247
1744.096662278712
1739.5971415792878
1733.7883389460676
1728.5261445513338
1725.2686738108816
1721.6443745943643
1717.4698972447216
1716.3545118036966
1712.2294650085046
1706.9049631055177
1704.3403680058695
1703.1074116460761
1699.0442506344466
1696.450581307254
1691.7285220088152
1688.838129322751
1684.9581826843057
1680.0923095818678
1678.45655980866
1674.8763327413449
1670.8634195238208
1667.5113747996577
1662.9363700388565
1658.1295046254693
1654.6096955044109
1651.101927809864
1647.561852823286
1642.511596106644
1640.4683796528145
1635.2067622220488
1632.7340575570406
1631.9815536782885
1626.3754315924605
1621.405534635392
1618.3884244690637
1615.0715291736215
1606.4922117002982
1604.3583415499288
1600.6928300088873
1597.0658180127775
1592.42963052587
1587.970724975798
1581.5717719169652
1580.7103706410767
1577.8058834334622
1571.5230970967496
1567.565307031337
1563.7198889265078
1560.7130487574384
1555.0323732350018
1550.9156427421299
1546.6996121416314
1544.7289913265033
1540.8748667154566
1534.112311435481
1526.3809637082582
1520.3041767950244
1516.6083912236502
1516.759277805099
1516.4016023289873
1509.9346549378977
1502.8679411058254
1497.8235719359338
1493.0355521642136
1487.850104687958
1483.8353607292431
1476.1459093583346
1473.8624633321676
1470.5597147959522
1466.4432029739978
1463.4173719067892
1459.7068767583698
1458.4606017388032
1453.5707114041659
1448.3390373442357
1442.6096334110612
1441.0335377957692
1434.5290226750726
1429.136251524184
1428.2610362277433
1420.379818925773
1416.5842977012353
1413.3043971794848
1408.4578645871593
1404.470105441475
1398.4990886857368
1392.5521910556536
1388.1802293972833
1383.9254819389857
1379.928395652038
1376.5536124680011
1371.6366872096885
1366.7676855659463
1361.511572674826
1355.3990170496443
1354.3240054577498
1350.7323626247837
1344.680213372737
1340.1309874511937
1332.8805071006764
1331.5018392806846
1325.9860681612934
1321.5786744718737
1314.1863009336714
1310.7480017296218
1306.2337173693852
1298.8269905607424
1295.0039203473648
1293.9740198401848
1287.5669199204317
1281.5250060280537
1278.0432275248786
1270.5243393759379
1265.753145320685
1263.5424316263593
1259.6350185810581
1253.6214628611988
1245.8826150152643
1245.1807501128274
1240.1257171287823
1235.600742722984
1232.7414906339493
1224.5080526719596
1217.006803544668
1216.1237226206372
1208.3639093376873
1202.5901738555583
1197.5951938437381
1195.2352369233151
1191.3309674355044
1188.7329524897389
1183.8247171719663
1177.469674172628
1173.502479148074
1166.9720328427302
1162.977997300398
1156.539639854802
1150.4238251587678
1147.2023833656235
1143.9684839501904
1138.4821418588097
1133.0495977425458
1127.664092711098
1123.0623087483114
1119.1231786848275
1114.896104720793
1111.0838872675895
1105.531918949957
1100.2052985501045
1097.3888582398527
1091.9417577527424
1085.5815577963392
1079.360231261583
1074.348629194805
1070.263597476066
1063.996662865545
1061.7091077832918
1056.1893485971323
1052.651938181071
1048.007690763297
1047.0108586688862
1039.9888222843326
1036.1827728835835
1030.6020037186915
1027.4816761505501
1023.4792900156878
1020.6832683657178
1015.7564798496566
1011.7063350114337
1003.6020222406321
999.6925762407055
996.1568520844954
989.7941100434384
985.9703211052462
981.3017253940164
978.595865694215
976.5752775435976
974.5243250401281
969.904326996893
963.2489668708803
959.9664627338411
956.5481265623537
949.9095416143591
947.462549257106
943.6026704103649
942.516429214086
933.7449330218658
931.6335670923052
928.7364495538833
923.7139325575624
922.6017342776818
919.2372176023135
915.4266086483325
911.9318267155136
907.0133218789346
904.2581698342054
899.5872128762767
894.8896606743664
891.8426582203007
889.9582231384547
884.9692866903531
882.5658011158968
881.1244667673195
876.6859990341674
872.8942051963616
870.2172487049776
867.1858974224721
867.2588031463783
860.9018263521172
860.6089470434148
854.2402235026017
851.7049347825513
852.0652706458227
848.5821564687845
848.8050212194105
845.4897124539481
841.0355200608242
840.0146801385159
838.6856686972646
838.446699476903
839.8240429250578
835.4102398112287
835.3450454186452
829.0491543387593
825.9085671869733
825.959709451625
827.8240585310268
825.3700878331164
823.6465055989465
822.0948324556446
819.8104628654027
822.5044623278227
818.7533008636713
815.8942095284935
814.852225577833
813.5514452346034
811.6323794188723
811.3853255672578
812.4574242551726
811.5795225160814
810.426315767889
808.0915345993149
803.9044283181124
804.6390331844706
803.9796751524028
802.9896204745052
800.988088442265
800.2020693990257
799.8607566752154
798.8485160560722
799.1169407389931
800.4332846707673
798.4114154599804
797.0292736904815
796.6185274139957
795.0689440495472
792.4425275885046
792.8180509092896
792.7361886552999
790.6776836592829
789.3274434605669
790.0383703716544
788.1896139090383
788.6494463451522
787.4671617002332
787.3084955421149
787.1442410872702
787.0750548111619
785.6259591294646
783.1735097627095
782.6724362206983
782.862877599306
784.018015408651
782.2051238165353
781.2607013792082
781.4172271979078
778.8654127792637
779.9245295204379
780.3167113259102
777.8443411019889
779.8052084849602
778.0459855919756
776.7307329707337
778.5300863817605
775.9627916090436
774.895343524376
775.0034989711658
774.686939157615
773.7249581298289
772.2438371470508
772.0767231793947
773.0390586717052
773.605146954132
769.8661164700235
769.4995189003057
770.7093197936548
769.9818592826701
769.636525422395
768.4513142136151
766.4391724715667
766.9090804173636
766.7147585543759
764.637470504176
762.5120620430823
764.5430464063373
764.9850628021798
762.3886403359468
762.4892857615599
763.4320122982163
763.4656914009145
760.6044245162468
759.4765565591332
758.3714744338625
759.2660893478972
758.9271271776231
757.0291948605214
756.0372154770953
757.5362407314569
755.1941226904551
754.9856673241757
754.9324813463346
756.6525851723522
757.1576282780579
754.2727418609219
754.032633298491
755.0492099437174
754.2650787359017
755.3442448826085
753.828544802156
754.0412473999319
751.4989554065334
752.3712590706255
752.7931818760551
751.2014208671986
752.1571332388354
752.3304932682444
750.210391717153
750.786506820973
752.2152657129068
750.0433213232118
750.2707595226897
749.9046676303753
749.5935034542117
749.0629076724423
748.9262039219295
749.2233677037468
748.6968664069733
746.8905031197439
747.4332089528143
748.016836683537
747.6649493058785
748.3134536640007
746.5587468798465
745.154982232898
746.4823119991715
745.9421417742019
746.2002419675723
744.5339418057059
745.3703495944775
744.3109393126114
744.4785758367422
745.5164807866905
746.5878450333684
744.3023719268812
745.1147481769854
744.4033761976898
745.5793411213805
742.2791767354397
745.5851825165362
743.8825139108213
742.965018502761
744.2542390122791
741.9589280882212
742.5129155176253
743.6046364390855
740.683081414625
742.5346303074514
742.2833468754538
743.113820326772
742.3945489346224
742.0177955804079
742.2381076101155
741.6371886172724
740.7631183594468
740.8355486052433
739.3136568034112
740.6719323831555
739.6499569399248
741.4257208962291
740.0786851653224
739.707364033491
740.206279864115
739.6648490019461
739.6750874739986
737.7253382165875
739.4964262528238
738.3063593704327
736.7773679625385
738.5450583765768
739.2047234691734
739.0562714776297
737.5802896587353
738.3820786267219
738.8036882045587
737.3566120670861
736.6949155046027
738.0066318353637
735.717693072775
735.5344647486484
737.664620481085
737.4670133715874
734.5213140455791
737.4188364608156
735.3553742396172
736.2297927285782
735.8972048149839
736.2061498964788
736.9741824720431
735.7515647694405
736.6036267110345
735.8959625904847
734.7602577511128
735.6158510874164
735.5926029896299
735.4843629645617
735.2641745656292
734.0572103278005
735.1752309169934
735.0320315466356
735.2199645990028
734.930269947246
734.2904210376577
736.0425740245537
735.3068390045679
735.2320866457184
735.4022365249944
735.1821499791753
733.7826849461552
733.3639659311731
733.0737474278272
735.1527076096065
734.480712475517
734.383452374782
734.3264543994127
734.1208550032354
734.6491005681686
735.2173264252596
733.6446186764757
733.8430317906334
731.6716456523525
733.2006991258866
733.264796941007
733.3579463645317
733.1550851947719
733.7090259984877
733.2968913619858
735.6385738366747
733.2103057893407
733.0459014414423
731.1426386567925
732.6917174296688
732.46838941054
732.9469249457097
732.0522297620935
732.3135372491394
734.1056103441147
732.4261392059093
732.4204642052053
731.288780512864
732.6247314854368
733.0351373997066
732.3869711565095
731.1882467313161
732.0913366091531
732.3308592017224
733.1326768787735
731.875391580057
730.3047834463747
731.860336292681
731.9578479254674
733.6912681907362
732.8232744434104
730.6532937973868
731.6851948812717
733.0864288146678
731.4994430879808
730.4151821599072
731.9515954717075
730.984537541518
730.7386381712004
