1795.4134948552362
1795.6795566916992
1788.2677903770527
1782.1680404211131
1776.8453295067243
1771.4322970306746
1768.1300847836887
1764.6998596490178
1761.3473101671027
1758.08035514951
1756.3591215304878
1751.9803236244065
1748.2530217761077
1741.8500100004487
1738.6608890284458
1732.6007130843027
1729.207391476102
1723.6161991890167
1718.4340984077933
1712.9094828128389
1707.2415943668623
1700.9901061758553
1697.7026954369385
1693.364451996873
1689.2485349456806
1686.5874734557503
1685.9405451663913
1680.2348052136663
1677.5731370157364
1673.651733125044
1671.4709935705384
1664.7625490795588
1660.342744584817
1656.6595315335264
1651.0780387766094
1642.9230935465187
1637.6824315243196
1633.1758577136777
1630.0537610681763
1624.7871700709486
1619.778395951637
1615.1820269325679
1609.675088336639
1603.0684848709102
1597.9090858818033
1595.7661223573548
1591.3741262168592
1587.8854252631643
1579.4642799682892
1576.3126380435554
1570.9066218506475
1567.107783506035
1563.3304147033923
1561.0804737152998
1557.1560595344874
1552.8921823208748
1545.4885110602415
1540.8045382524685
1537.5594307937538
1535.6498647493004
1533.2227735760655
1529.1739381128514
1525.0406023351334
1519.864466029537
1515.9940402730115
1510.1173556427368
1506.2523938615916
1501.9847756871086
1500.3093344755423
1492.023635278143
1487.2623472758314
1481.0622132714118
1477.4954114269813
1474.6278791224706
1469.1889371949783
1464.733607097464
1462.1252819673282
1455.6382964324862
1450.2980451193496
1443.9874656259085
1439.6408009585489
1432.8464714694255
1424.5100360351546
1423.9592155315922
1418.560881933856
1411.487052180409
1406.8212866514427
1402.45448597342
1398.1596423013766
1394.7567009858885
1388.330820292957
1388.0375426631103
1380.6955818701272
1374.5770046473326
1367.5695669957017
1361.7442602000651
1356.7307737689125
1351.775361049192
1350.2104036120656
1343.7569840169042
1339.0404682436154
1331.808720452922
1326.6314638928375
1317.5578157874909
1311.9102054852165
1307.9754120540138
1304.4295610277927
1298.1730195235402
1294.3158044407455
1290.4150323623862
1284.8201029632198
1278.3957306830976
1271.358060733679
1264.208344440604
1260.5929660549232
1258.9233448915409
1258.1157492802101
1245.772506644884
1239.7713948673377
1231.0921536323021
1230.3710252369967
1224.049931893837
1217.169786336188
1211.0702352452286
1204.8011543375442
1197.8624710270963
1193.3775912173294
1189.5827122370047
1183.0772154441183
1182.037863801198
1178.1511943161981
1171.5585907780264
1164.754291487441
1155.1601675297045
1147.1540585261719
1143.9624553511092
1137.6324593658624
1133.7920356243985
1129.5462401106452
1126.0912959032657
1119.9023751890024
1109.990149389835
1103.59553759914
1096.4464096737368
1089.7894431262175
1085.338844245523
1077.3829560253441
1076.0169609551122
1068.8539542465542
1070.4705629979605
1065.1683495264515
1059.764966970053
1054.2279300498062
1047.6219745329108
1041.115681619864
1036.9317183544138
1029.2472507681528
1024.6178929872167
1015.0441569526295
1011.6720573381157
1009.5962613052911
1004.9046491781579
1000.2419217003107
995.9858886985905
992.8747456526664
984.269258303868
978.5317209256663
972.2605720089203
965.6374156315384
963.7974769685054
957.3066073018159
954.2469968070491
947.5626564814345
940.8674323663478
938.3038394511753
933.2420061743672
927.4600261928764
922.8335450412193
919.4987526995869
913.5146400662942
914.1095097744573
908.4619833767753
904.8959026065088
897.4587154649632
892.586134015206
888.813859800369
883.0940975356824
879.3479449580619
872.1049144643114
870.9485078971564
864.9588172825547
865.5230549848598
858.4616914957163
858.0949490380516
853.0804287055935
852.3792436565722
849.7002285866697
844.605207398374
843.4340755416857
836.434641456901
831.3106515223398
828.8596096188588
826.0850185729516
823.7605025050335
818.6762417659445
817.5316231480309
816.4594140648824
814.0332565793967
811.5283350414518
809.0819345906303
805.8690572119922
805.931508562981
804.198663259934
804.3131426638517
800.2042373411679
801.4253431567316
798.3030000993066
798.0400995942006
794.8383068886187
794.6521399288401
793.0327855608617
793.7975478011936
791.1905945797176
789.8059153912708
788.6373577923372
787.528416437094
787.383348804993
785.2608756607243
785.5480235346723
783.8861331639815
783.1232061963827
782.0259076840443
780.9140965972803
778.4026232414287
778.9721482423804
777.9116960988616
777.0737593986725
775.0742208177071
774.6106391343947
774.204169719634
773.1429225668921
771.7355307547895
771.4253207093166
769.8302357893826
769.1354685137112
766.6838948438774
766.9532388655482
765.3033415732694
765.9191149550305
764.0129630112608
764.9439595380493
763.4359471593746
762.6046533598301
761.5082187263633
761.9243269440441
760.8485397825567
760.3555847277859
760.5315825475789
760.2372063652482
759.5009238520896
759.5801286737534
758.8281374276216
759.0786481167306
758.4804901688842
758.1608142436933
757.3370758082219
757.1634477377387
756.6568705810525
756.2068331657798
755.9838369483921
755.9945039919551
755.9181719277577
755.5170165621718
755.2588016888405
755.6425254445677
755.4187755301973
755.544137786408
754.6271665481825
755.4270024465551
755.220402674857
754.5302507173254
754.6389828053373
754.8952931408126
754.8203240121898
754.4273502743756
754.5117906789351
754.7081697478274
754.5947895909841
754.2282246732034
753.8038841037966
754.0276101080262
753.7683757549717
753.6556256115219
753.3487284984687
753.9018772642726
753.5420896036562
753.4031889673327
753.1689614244776
753.6375650333498
753.3848595814206
753.3396262255615
753.0953953445722
753.627148851289
753.3586707505443
753.3363528616525
753.1129441666694
753.6276108752419
753.3440546996387
753.3378727173077
753.1422328114323
753.6109191201971
753.3170289124173
753.2893148827344
753.1263573970084
753.551393259672
753.342454280524
753.2604310436085
753.0565843852482
753.2004814263944
753.1201795599529
752.8900177354978
752.9031082749084
752.853048335076
753.1660074638858
752.7393513463952
752.813818365107
752.6245227547681
752.8809169639586
752.651930457031
752.5706470723558
752.4407833973979
752.6301481291043
752.4427712268869
752.482757994099
752.032364749257
752.4396411531616
752.2116976197607
752.2928891767949
751.8341829675505
752.1039550926963
751.7722939338039
752.0056021567004
751.3914980545147
751.9034731081151
751.4892411688276
751.6574586737966
751.201812741052
751.6599233711165
751.3602177519783
751.4838243729829
751.1493117964026
751.5173216296619
751.2713282699276
751.4959982856316
751.0856555655502
751.4360910588899
751.2782710436147
751.3035837614952
751.0358557079157
751.2962995251712
751.1993656591677
751.2381445030477
750.9288969358204
751.2944459395267
751.0427967980256
751.1337532034244
750.8854936053704
751.2504851937442
750.9332127820309
750.9389266244492
750.8851513952604
751.1861485248303
750.8843241180402
750.8289902284508
750.8429939529153
751.2172207511699
750.8728651000856
750.8264484489252
750.7479591741974
751.2688476662441
750.9228994047875
750.8145404024743
750.7012917453943
751.2644035011018
750.8804441354622
750.8407863506803
750.6926354104829
751.2573702253874
750.9677501683685
750.8277924302251
750.6785278090882
751.211755786527
751.0070540536993
750.8369181337105
750.6560798845926
750.9853723847559
751.0500884344862
750.784029172485
750.6462892096356
750.9950769294534
750.9512172704873
750.7385669243885
750.6832796313257
750.8992162289948
750.9486376203038
750.7186340615781
750.7129939175646
750.6972828161205
750.9228938316746
750.6439209604723
750.7339881491714
750.510496109316
750.8927502835721
750.5839094542774
750.7610523928531
750.3833501733903
750.8336371671548
750.4411483969913
750.6730178004805
750.2310500396916
750.6981113556476
750.2618686062465
750.4637264582279
750.0243764810474
750.5384643805169
750.1352554593835
750.3176259664758
749.9122753085925
750.4284931780294
750.0468721384674
750.139080375075
749.7416546035098
750.3180388005461
749.8959201245483
749.9371291213085
749.7147584388343
750.2127866010117
749.8690900051889
749.7910914594657
749.6540466575425
750.035391312191
749.8999936807585
749.7179684774072
749.6950163670168
749.9957876885668
749.9336956412401
749.6567629564169
749.6698677098095
749.9905874593728
749.9170502610982
749.6779779889613
749.723676392118
749.9805000647284
749.9110343177545
749.6912000736831
749.761879017656
749.9907679196651
749.9112671399952
749.668921807508
749.8360538262318
749.9347923866056
749.8821499223328
749.6128296553371
749.7951026698598
749.8831162632684
749.8100760595378
749.5961806563257
749.7729412199176
749.9046308759782
749.8740396465523
749.6549728056373
749.8136598170231
749.9708023728049
749.9588698343127
749.7098788299194
749.7794238081942
749.9831834720526
749.954851343468
749.6685068906874
749.6831617840793
750.0131602254397
750.0012830096525
749.7186146181223
749.6796737037293
750.0341405590223
750.0388749676879
749.7375293616022
749.6567282144989
749.9991128302057
750.0868676086735
749.7348090010662
749.6668817778838
749.93368002754
750.1089222202826
749.736343941201
749.6515456327331
749.7907149312152
749.9804695805711
749.6881653419865
749.6321098424626
