1797.6346514984803
1798.561292071021
1796.1984333928217
1790.238576029248
1785.3215243980985
1781.773118040499
1778.2772814776058
1776.3075717889676
1774.1015674581067
1773.9994562105446
1769.3889787730739
1766.7410409678641
1764.0667477306963
1761.345412439314
1760.927552013279
1758.7471077585483
1758.406602302194
1758.0615483059426
1755.4379542834731
1752.1002329957696
1751.9064969237354
1749.9227318280443
1747.2311553182724
1745.9619376387818
1746.665820011682
1749.4228051188024
1745.8381617298094
1743.117220320881
1740.2406726241793
1740.1187026645498
1739.2506525663957
1738.2220391971557
1738.1233858874457
1737.5429528694158
1736.6700037352302
1734.0603700837112
1730.300533792435
1731.7713982854114
1731.9125020846186
1730.332074164401
1731.129937608538
1731.2819375953163
1728.6477446080555
1727.3138792831182
1727.6448812759534
1728.172029657721
1725.6827219276058
1723.9179295089361
1725.6702746574747
1724.8583128940388
1721.6698736182082
1722.437135320928
1722.8801224543763
1721.3858332236975
1719.0280963774583
1716.547385559436
1716.7569179130503
1714.8119916445596
1714.3959441948077
1716.6321143960963
1716.5863337619887
1715.9413271573724
1715.9499889275683
1712.0362906308037
1711.7038936943422
1710.8738764353739
1709.580851466169
1709.4977498338624
1710.4386003690652
1708.9916413533697
1706.7678541304326
1708.8381783029254
1707.4809488493215
1704.7764931781344
1704.4362416868441
1703.4758470207667
1704.1533709357273
1702.9911449932326
1700.5373364718616
1701.1307122815558
1702.1729345356175
1701.6437025437574
1700.3412419945666
1700.4801270815422
1700.9503547778916
1699.6627221588205
1699.0548164077272
1698.097487422178
1697.822465514738
1697.5411291651242
1695.3653980597428
1696.3688646811474
1695.633570274062
1693.7661644784828
1693.2078611888865
1692.6574504280811
1693.4842331755972
1690.8957210150174
1688.3550275836733
1687.3966182787774
1685.5735034548582
1683.1389814376787
1684.3617928899594
1686.0165742775882
1684.6363672072634
1682.0456970342668
1679.7539910088858
1678.8048496626648
1681.245044413573
1680.9434864273287
1678.343047986198
1677.8915978259456
1678.100234941751
1674.984189452616
1675.227335053291
1674.9185791207071
1675.5198609622112
1672.9858993411726
1672.891279899191
1671.2952857587693
1670.513563420691
1669.654297611712
1668.6129606549234
1668.8164372356869
1669.3484059196287
1668.9527800691149
1668.7562327444157
1668.2348244989073
1666.6220567164553
1665.7750320677676
1666.8145246956562
1667.2619806238322
1666.0247639151858
1663.8443774651485
1664.0964760830695
1662.3776246857185
1662.7301026861041
1661.9114803658802
1661.6499017222814
1660.1558030249919
1660.6508908877097
1659.0974035225606
1660.0153551113376
1658.088856550751
1658.5800256440332
1659.2714920007706
1659.7430156278967
1659.2817952494288
1656.119618530285
1655.1732621476488
1653.0407574412832
1652.1211554945953
1654.171773551505
1654.9032232642319
1654.0594692832656
1653.600385702925
1653.21673312618
1653.029335979387
1652.6492683627732
1650.6767302549363
1649.7758611514676
1650.5722289836865
1649.939192357717
1649.4471190271113
1649.0292571784544
1646.9510342385468
1645.4908333470696
1643.896798319941
1643.1703403546285
1642.4643759846729
1642.97934809021
1643.8303205671302
1645.0290668145335
1643.0293793897936
1641.033692154899
1640.2720988733715
1639.5766697571175
1639.1349597596306
1640.792817731979
1639.5350274264051
1636.9745239511717
1636.7883824747514
1638.6261679285071
1638.0679439085923
1635.4025070517089
1633.8010276856762
1634.3189447359828
1632.6167365179542
1633.0976695437414
1635.508013954945
1633.644663147262
1631.1135561895117
1628.4991979638955
1627.004627639608
1628.5087895328948
1628.4018998537258
1628.4669021293842
1629.2833669990787
1628.2449987415503
1626.734900316683
1625.5487268171491
1625.2510522721345
1625.8920705481735
1624.8629020622654
1624.208902236654
1623.2311392553963
1622.4620443027982
1621.517324020776
1621.8193870026455
1621.311733363497
1619.858895626564
1620.845005538689
1619.150592137488
1618.1765856939387
1618.4005771993723
1619.2582770436145
1619.4642683450754
1617.9727486947672
1615.8219281878937
1616.475246307956
1617.6883836519623
1615.8818692533498
1614.4513250646687
1613.0995173238623
1612.7616301699948
1612.6827040838225
1611.5240775785887
1611.4082786352867
1610.9683994319507
1610.0716188724448
1608.1228731753022
1608.7263090446602
1609.6391760089791
1606.9620540719523
1606.739984122029
1607.3215607645604
1607.3294066289602
1606.1271965134583
1603.4207364022618
1604.3437549575544
1604.3716050470393
1603.1053300506708
1601.4430643451522
1601.0043457826457
1600.875466585094
1602.1578270079967
1600.1609028552089
1598.0989496269162
1598.9656000966572
1598.7439214389788
1597.2293922057222
1595.801482696293
1594.3878641377528
1593.5805797880287
1591.8424866265714
1591.5655613920967
1594.4562720597073
1594.7738602534646
1593.339214185784
1591.1355963048532
1589.7458398042097
1588.6124760250166
1587.9585401449738
1585.8758751801397
1585.5349664556338
1587.423791618544
1586.1144269293225
1585.811394499815
1584.8435426883761
1582.153480755882
1581.2897707787808
1581.8231377894547
1582.8968747166853
1584.2713329015119
1580.1887156965745
1580.3587671512612
1582.5065997535457
1580.786616327274
1578.7676567412468
1577.7664215434827
1577.5692720272007
1580.23580406992
1577.5782730266988
1576.370874562085
1575.7837250458633
1577.7197910227376
1579.1656555789184
1577.0564403343792
1575.5675947441434
1575.6954653056507
1574.698930232624
1574.8521781970258
1573.4355038436718
1575.045545678104
1574.8828619198973
1571.928363487783
1571.4022605618427
1572.9056032757626
1572.1621247665507
1572.0965171570936
1571.1514674248492
1572.5537459467553
1570.944439100196
1569.1183815607203
1568.5866670562514
1569.4757143774145
1570.440763183946
1568.9825812226177
1569.1708297321816
1569.2705012864687
1567.5873526524979
1566.473555775563
1567.5199883255455
1567.7368990649745
1564.8610179896168
1566.7834038332082
1569.2763854571392
1568.4693371942722
1562.8037990196435
1561.3856530570386
1560.9788261290764
1561.9054727515493
1559.20425369031
1559.377589855667
1562.8610452078253
1561.5391343726092
1557.0113367271551
1555.8045414125916
1556.3678178432647
1555.8359901717993
1554.2258156302514
1553.4546125643517
1552.4781083430976
1551.6474897331432
1549.6450710842346
1548.902226086429
1550.753535622603
1549.9993455730569
1550.3297813413135
1550.4174936895672
1548.7760853947661
1546.6676323782349
1545.5679294222577
1544.9121667079567
1545.3707748854924
1545.2727210740893
1543.3430166317094
1544.316202178051
1540.9359560920325
1538.5158150050497
1540.1474964759534
1541.1956196469841
1540.5026123374973
1539.2104192592774
1536.9366978442067
1536.4595091605609
1534.8202018251482
1533.461309259773
1534.9060479804448
1537.6528623939382
1534.6246204948352
1530.9344290638476
1528.3003089342308
1528.8184997169717
1531.0789383006982
1529.580745382806
1529.2294497666753
1528.073280116323
1524.8101525333434
1524.9343143667159
1524.3579559450488
1523.179085358573
1520.102048154489
1521.3761518837277
1521.226360443619
1520.8859461934237
1517.7179983793244
1519.7978880585808
1518.771427668581
1518.3401988826859
1517.8653563310181
1516.761765803237
1515.4783239157962
1513.5232897440158
1512.4551289378062
1515.0980316391754
1513.0143275130156
1510.1838750366462
1508.288209139863
1509.2766904144626
1505.3752867880394
1503.469694299136
1504.888938155003
1507.0664467690358
1503.1843259735851
1503.299268223763
1501.1799135075528
1499.5233192797682
1496.5377976919756
1497.0113764312227
1498.6500908365003
1500.0988027425237
1498.3509840999125
1499.3009298479863
1496.6920038904445
1494.6591236552683
1495.4069504022718
1496.8088166871892
1494.2607543025372
1492.0832148284132
1490.7021996287594
1494.3975044941533
1493.8417978611815
1493.3888827643298
1491.7442241106842
1492.889707051492
1490.7426854225687
1491.326580875538
1491.8017993415626
1492.7153526987065
1490.8126192813627
1489.6046837806743
1488.0017989404716
1488.5419758974813
1489.908502018161
1488.6540930318781
1487.6160453500952
1484.60037288501
1484.5645870754713
1483.2644798944102
1483.2650060051906
1483.1484325927652
1482.62285320244
1482.9275589139088
1482.8418730728322
1482.1759535304702
1480.7339255414697
1479.2635679848388
1478.513183361788
1478.823317616231
1477.6631605286334
1480.6766872032756
1481.6116863463687
1480.5489867774272
1475.7946907985663
1475.5666438581466
1477.1102313963681
1476.9710643607732
1475.846259182931
1475.289474866469
1472.8265782376952
1473.9248802472844
1472.5768571719761
1470.4587630563212
1468.577273273574
1468.8822964650865
1470.3174350203597
1470.9217228155976
1469.1191777278025
1471.2115136812354
1470.334025770497
1467.2385271069236
1467.1850467473228
1467.9687561708713
1468.9534521359124
1469.0229914188828
1467.8503993268966
1466.7465730291729
1465.475734029078
1465.6610452748432
1464.619372905914
1462.9305636533866
1464.3015206438422
1465.9940193110142
1464.812696651068
1463.2225377525401
1463.539152793718
1461.5535055154949
1461.1427066384608
1461.4103384167508
1460.4517677474996
1459.571790541458
1456.6448936156578
1458.4209773090079
1459.8424940689617
1458.5963421669499
1456.0808866204382
1456.1232476549148
1454.2509658366403
1453.8864170774302
1454.4379607379155
1454.1786745720683
1452.7252397929099
1451.2240077579918
1447.1267409887107
1447.1188931563106
1447.8631276151525
1447.9053126472936
1445.8277466505642
1448.0297949651297
