1800.5664613348422
1800.1884137129796
1789.2161783591123
1779.7382034595762
1776.3916288544467
1772.9634817757462
1770.8459499356843
1768.8811839133377
1762.6206888493991
1755.5348572280964
1749.3157866314164
1744.7510149902514
1738.6889398939434
1733.0818623907467
1728.1983255454015
1725.931050290482
1720.6644634950474
1716.892321575903
1713.2036174257541
1711.3296260596348
1708.5266837544216
1703.5554802056206
1700.8938799118655
1696.715423942377
1693.4096373447426
1689.009409506495
1684.8398938626215
1680.1866985127967
1679.1241670819845
1673.9069596540608
1670.1477486168596
1662.5089510116322
1657.087137550728
1653.874069066485
1652.3701837682859
1647.8808267188158
1644.6261129248876
1640.0360845723317
1635.634533210148
1629.25129759977
1621.9182866569283
1617.6690835467841
1610.557441709293
1605.542250524036
1600.429695073117
1598.2087979668534
1592.1860578047963
1588.9494340247045
1584.8391204321501
1581.7109691361081
1579.3498372160157
1573.8734143591912
1572.9141956143396
1569.9509695155734
1565.8064852840778
1557.364661434128
1552.340918108449
1542.6527028916025
1538.5949517235783
1535.2597819471648
1533.2955040595048
1530.3502388106854
1528.379374397686
1523.5817276661767
1519.286984324246
1517.2624297495938
1511.4971517902936
1504.7375895602233
1498.018771710597
1494.4149944795938
1490.464307541571
1485.9469991138105
1476.011905791627
1473.152161621677
1464.599612697926
1464.5376081356712
1454.537309506494
1451.4608160443586
1446.3769576223647
1443.6650260965432
1437.2737828472304
1432.6551538479716
1426.6224817230275
1425.9966022476137
1420.5532111796845
1417.1403990429776
1412.0867005392467
1407.624720976863
1401.853248708455
1397.174383649454
1390.2433912069264
1381.1889548303109
1375.729149640472
1369.6243881694484
1364.1377463991282
1358.2381145373897
1353.3677530390096
1348.5368429626196
1343.4861327555932
1338.461941493836
1332.7684073700113
1328.3889173855248
1326.0410108043002
1322.2837195006819
1315.5691292779532
1306.3405627273282
1302.9584687350982
1295.947197666473
1290.65496152169
1283.2051428527207
1282.7046997232953
1274.7732587802398
1269.975714066213
1261.8520319617162
1259.0478919827397
1249.9127099072005
1249.096314200292
1243.6295918800583
1241.6095454846609
1232.8302239423706
1230.7396598878559
1226.969113818626
1216.4189783215893
1211.944526496512
1205.6550649877815
1203.2443800246747
1199.444217231247
1193.9086312708914
1186.3731696284617
1180.5255916537446
1174.5451787042957
1172.0010430023087
1167.8155386823144
1160.8289012341654
1156.3936128993364
1152.4041912698697
1143.6221520920958
1138.6389748935565
1135.2504627907815
1130.3589749351693
1124.5351891002808
1116.7555602177797
1113.5000436450355
1110.46329808506
1106.4606346337782
1098.6455648450808
1093.9062192177742
1085.5361641036643
1081.8744192602608
1077.2448941003436
1068.4912276387554
1062.5302857662905
1057.2614246551038
1056.2270299519053
1047.091116394558
1042.3735587604042
1035.7797574226402
1032.3653748801876
1027.0256308177866
1020.9077935620614
1018.296266648524
1011.1176787460691
1006.6366386322397
997.8158212463953
995.6449384992465
988.2461160100409
983.1575203308973
978.3900741739517
977.1943747747675
976.9047540429444
964.7786619997239
961.6839484455861
956.9175075785263
950.137915201124
949.263899317139
944.1674149533206
940.8828215305867
936.5786747498063
928.4681929222351
926.3573765744491
921.1781415346268
917.3226731176982
910.9503026295401
907.1900791555657
899.4693230282218
901.063938349674
895.523048988739
891.2519359421485
883.4634913401729
878.4778080359
875.3350238638267
877.0662461043422
868.9374060214902
867.3942931463141
859.6941494383389
862.4618372016428
854.4819312383995
852.5671163476749
847.9526049095806
847.1601777457904
842.1483315583814
842.7055495245097
836.2478697779853
835.9698123753886
831.8582059753369
830.9304747524479
825.9693516384584
823.2034898330664
822.3586910344509
818.5291236990563
816.2942178924751
815.4032935456779
811.2179064271386
810.4567523503637
807.774546481198
806.8695574977929
804.4411802463604
801.2987834615722
800.8996084488449
800.8157850221601
799.5868638258901
795.8567830588557
793.1805308117046
792.5259853248795
790.2310925722314
788.7769617277651
787.963380079168
786.6283248399216
786.0199934045468
782.0066664889708
781.4411252992219
781.1037421830831
779.3364916602994
776.9643388665327
776.7072098542384
776.3822679383982
773.7025071256217
775.7785470275226
772.3476423664135
771.3491866123403
770.0425875493797
769.7284882640591
766.6084615570505
766.9607280850419
763.8325543141284
765.0493328087252
762.9795903392157
763.6263494984388
761.1999212817007
760.011781665769
759.5070207937144
758.6700724925176
758.0062000462958
756.789288088506
757.3863687498632
756.114587126452
753.6755649217399
754.3611669619736
755.0301870184658
752.0959137211083
752.6774852265798
750.4810014975096
752.1374743427255
749.771658193156
748.2324301407064
747.689671304603
748.3271192078217
746.5324258149175
746.3266688927113
745.5630947282051
745.3110955146448
744.3034295810438
742.8286002842248
742.9129825371475
741.4044284337947
740.4957718409519
740.0513773185064
739.789868994628
738.1550834207105
736.6833139923182
735.8204141655907
736.3895836092098
734.8662251523356
733.7034710295218
733.1669603955991
732.105171903233
731.8794037905283
730.2204095423028
730.2457015220185
729.729748216406
728.8142581263985
726.9679171472353
727.2017888511417
726.4541843217742
727.096048037441
725.1980786162636
723.7305518559717
722.0855826493595
722.8517956187286
722.8325082106339
720.9468999030247
722.8503838231195
720.8907379221023
720.5871455941209
719.1674122008873
719.1440491973117
718.7291928899124
718.7188448973347
718.253573413606
717.7238636230237
716.7570985985247
717.0564626236111
715.9645044233089
717.1182722203416
715.4448937652218
714.8299431701814
714.7187935944401
715.1712532120926
713.3891377570037
714.552795692515
712.2654536262012
714.0766749837903
713.3793262327714
712.8806113880645
712.4948352667075
712.6527243134162
710.9481452980103
712.995984849524
711.3211458332602
712.1795663432662
710.1869359423108
711.2227288545803
711.0403385745336
711.4277092325026
709.3925629691727
709.4939680035632
708.7626296908069
708.434190765432
709.43366908226
708.7901228212489
708.388035555495
708.9966298594678
707.7819959451464
706.8281187077623
708.836746396757
706.4773650269047
708.3734875694836
706.8269706083977
707.2432402431991
706.6808197784119
706.8957758253115
707.4301143302827
706.746622997624
705.9396402240563
707.2656929363768
706.3372207200276
706.8746679695467
705.7031817100207
706.5464910813373
705.1193391990658
705.6519672094794
704.7798001127549
705.2822385230968
704.0755106694478
704.3214076754704
704.0143701153154
704.1027742216016
703.6244518174973
704.5481039268551
702.7382609756153
703.9389587513084
702.5813124647808
702.4209745541755
701.7828273722421
703.4584243760871
701.3159865206051
702.9597080826586
701.3698372864557
702.5654441761648
701.4949880514569
701.2859792605389
701.9952984858055
701.2916357143956
701.2553725591841
701.8042474186761
699.8463273944958
701.0176318727002
700.2808431530461
701.8924127757863
700.0398493620538
701.9501601889418
699.9078386261492
701.5125678612734
700.0082389785348
701.7098450004482
699.5386797480282
702.2499473760904
699.6339938737763
701.5304283951671
698.7518795125144
701.7136497918125
698.6542325400662
701.7072326859993
698.326997471849
701.3490217268492
698.4810171551245
701.4545150357741
698.5905058880375
700.1443059859954
698.5424835773142
700.6545411693934
698.4194298409411
700.7505031723952
697.9050467965078
701.5031214387558
697.7309338721873
701.1750063287337
696.9652497154703
700.5139209179547
697.0688934499938
700.13177435666
697.3769511921047
699.2938746608651
697.0103128736283
699.3849595400632
697.313643129608
698.2082749127011
697.2144193577358
699.0302686483607
697.228545535879
698.3591571971082
696.649486147745
698.6134433246194
696.6783020300091
698.1441383713436
697.385960298842
698.7978355256533
696.5141086141489
698.2249676974486
696.5908843391642
698.7279876590558
697.0052348302597
698.1301625098492
695.5896342264033
698.4648880532848
696.6412114953089
698.3398810138717
695.7681181631381
698.56682504877
696.3176162195956
698.3055164975824
696.7458688744842
698.0796634568275
696.2376157955628
697.3740480345647
696.6791570109909
697.1198415634847
697.0267074932318
697.7840207573646
695.7670490832382
697.2646867892312
695.9061566767906
696.6835617691303
696.1104672523753
697.5379896529003
695.8683040348833
696.9343408988245
695.4528840476247
696.4518104786246
696.3246592563852
696.9284444657895
695.627592081136
696.9179912757018
695.11180521968
696.5753398412496
695.5093602345104
696.415387257785
695.2295227934565
696.8902071108173
695.638726362725
695.9238792272699
695.4937135149993
695.970139280998
695.5224200615902
695.931402806601
694.7626571697143
696.6771817903688
695.2060464154649
695.882886596266
695.1093837962692
695.843540669367
694.2544137332454
695.8161462784087
694.9759656673607
695.691295989409
694.1317285475324
695.501042958989
693.6317189051205
696.7677165286034
693.9887940240874
